work/..work/ls/Thails/ThaiDEM500_0000400000_0011600000.asc
ncols 800
nrows 800
xllcenter 400250.000000
yllcenter 1600250.000000
cellsize 500.000000
nodata_value -9999
[rows 656 to 696 of 800, columns 552 to 643 of 800]
35 35 33 31 30 31 31 30 30 30 30 29 29 30 31 31 31 29 29 29 29 30 31 30 30 30 32 31 33 34 36 38 39 40 42 44 45 47 48 48 47 47 48 50 51 52 54 56 58 58 58 60 61 63 63 64 64 66 70 75 90 125 179 163 149 153 182 249 302 215 163 209 226 180 140 122 99 121 91 84 85 75 63 67 62 60 61 62 66 64 59 64
35 36 36 35 29 27 27 27 27 27 27 27 27 26 29 29 28 28 29 29 30 30 28 29 29 30 31 33 34 35 36 39 40 42 43 44 45 47 48 49 49 49 49 52 53 54 55 56 57 59 59 60 62 64 63 65 67 68 71 78 101 138 186 196 177 150 145 222 265 196 186 158 171 162 161 119 94 85 82 83 75 63 60 61 60 56 58 61 65 60 56 58
33 35 35 37 33 28 26 26 25 25 25 25 26 26 27 28 28 29 29 29 29 31 29 30 30 30 30 32 34 35 36 38 40 41 43 46 47 48 50 52 51 51 53 54 55 56 57 58 58 58 60 61 62 64 65 67 67 71 73 78 121 142 204 215 175 170 145 167 236 208 257 188 129 151 124 128 114 78 78 77 69 61 57 56 56 55 60 64 65 61 55 53
32 32 33 34 33 29 26 24 24 24 25 25 25 26 26 27 28 27 28 28 29 29 29 31 30 31 31 33 34 35 37 39 40 42 47 66 75 55 53 53 53 55 56 56 57 57 56 59 59 59 60 61 63 64 66 67 69 72 77 90 152 192 155 173 165 151 150 106 120 116 202 171 130 115 98 93 94 73 74 73 68 64 59 55 53 55 58 60 60 60 59 54
30 29 28 28 28 29 25 24 23 24 24 25 26 24 26 26 27 28 29 29 30 30 31 32 32 31 32 33 35 36 38 40 42 45 50 101 120 71 60 57 55 56 59 59 58 59 59 59 62 62 62 62 63 65 65 67 70 73 79 90 139 185 121 153 176 115 105 88 82 109 168 125 105 92 82 76 72 69 74 71 67 65 59 56 52 53 56 56 57 60 63 58
23 24 25 25 26 27 25 23 23 23 24 24 25 25 26 26 27 27 29 30 29 31 32 33 34 33 32 34 36 38 40 41 43 46 50 89 144 101 77 63 56 58 61 60 60 62 63 63 63 63 63 65 65 67 66 67 69 72 76 81 89 138 124 94 125 94 93 83 78 80 89 82 83 80 75 66 66 67 69 67 64 64 57 52 51 51 54 53 58 59 57 55
20 20 21 22 24 23 24 24 23 22 23 24 24 24 26 27 26 27 28 30 31 32 33 34 34 34 33 35 37 39 41 42 45 48 51 61 133 125 90 70 59 59 60 62 63 64 67 66 65 65 66 66 67 68 68 68 69 71 76 80 84 108 111 83 80 79 75 74 73 72 72 70 73 72 70 65 62 65 66 64 62 61 57 53 49 49 51 52 63 65 57 51
19 22 21 21 22 22 24 23 22 23 23 23 23 24 25 27 29 28 29 30 32 32 33 34 34 34 34 35 38 41 41 44 45 48 53 58 74 92 82 69 63 61 63 65 66 66 68 68 68 68 68 69 70 70 71 70 70 73 76 80 82 95 92 80 76 71 69 69 69 70 68 66 66 67 65 62 62 65 63 61 60 60 61 53 48 49 49 51 55 58 53 46
19 20 21 21 21 21 21 22 22 23 23 24 23 24 25 28 31 30 30 31 32 32 33 34 35 36 36 35 38 41 43 44 46 49 53 57 59 61 63 66 68 67 64 67 71 70 71 73 74 74 72 72 73 75 75 74 72 74 76 79 81 88 86 79 75 70 66 64 83 78 65 63 62 61 60 58 61 62 59 57 57 57 59 52 48 46 46 50 56 53 50 46
20 20 20 20 21 21 22 22 23 24 25 24 24 25 26 29 32 34 35 33 33 35 35 36 37 37 38 37 38 41 43 45 48 53 58 79 68 61 61 64 77 84 68 67 69 73 76 76 78 79 76 74 74 77 79 78 75 75 78 82 88 90 80 76 74 71 71 63 82 81 63 61 59 55 55 56 56 56 56 55 54 57 55 50 46 44 44 49 56 52 44 43
20 20 20 21 21 22 22 22 23 25 24 24 25 27 28 30 33 35 35 34 34 36 36 35 37 37 38 37 38 41 43 47 51 68 148 152 97 71 64 66 72 76 68 69 72 75 79 82 83 83 80 78 78 77 79 81 79 76 78 81 89 79 78 74 73 69 65 61 61 64 59 58 56 54 51 53 52 53 53 51 52 53 51 49 45 43 42 43 47 46 42 42
21 20 20 21 21 21 21 22 21 23 23 24 25 26 29 32 33 35 35 35 34 34 36 35 37 38 39 39 41 43 45 49 55 95 252 217 142 85 73 70 73 71 71 71 77 80 83 85 89 89 87 85 84 80 81 82 80 79 79 75 77 75 75 72 70 69 66 60 56 55 56 55 55 52 51 51 49 50 51 49 50 49 48 48 45 41 43 40 45 44 41 41
20 20 20 20 21 21 21 21 22 23 24 24 25 27 29 33 34 35 36 36 35 36 38 37 38 39 40 39 39 42 44 49 56 110 303 262 188 137 113 84 78 76 72 75 80 86 90 92 95 98 109 98 88 84 85 85 82 83 88 81 73 72 72 70 67 66 65 61 58 56 56 55 52 51 49 49 47 48 48 49 47 47 46 47 44 41 40 38 41 40 40 40
19 19 19 20 20 21 21 22 22 23 24 25 26 28 31 34 34 35 38 37 36 36 38 38 39 40 41 40 44 44 45 50 58 125 332 283 212 149 103 88 83 77 73 74 78 83 98 101 115 113 113 105 94 90 91 89 86 83 89 86 76 71 68 67 65 64 63 63 61 60 57 54 51 50 49 48 46 45 45 46 45 44 43 42 42 43 41 34 40 41 43 42
18 19 20 20 20 20 21 20 22 23 25 27 27 29 33 35 34 36 39 37 38 38 39 40 41 41 42 42 43 44 47 51 60 119 341 309 236 152 116 101 91 82 76 74 83 86 115 121 179 138 119 104 96 92 93 91 89 87 84 81 73 70 67 66 64 62 61 62 62 66 62 54 52 50 49 48 46 44 43 43 43 44 43 36 43 41 43 41 43 42 42 42
19 20 19 19 19 20 20 21 22 24 26 28 28 31 31 34 36 36 38 39 41 40 41 41 41 42 43 43 43 43 47 52 60 104 319 340 269 192 139 113 99 85 77 76 79 86 99 128 228 155 134 112 102 98 99 92 92 89 78 74 73 70 68 66 65 63 61 59 59 58 58 55 52 51 50 48 45 43 43 43 42 43 42 42 41 41 42 43 45 44 40 42
18 18 18 18 19 20 20 21 22 24 26 27 29 31 33 34 37 39 40 42 44 43 44 45 44 43 44 44 45 45 48 54 59 86 277 366 297 217 155 122 102 85 83 79 79 84 96 139 214 158 119 113 104 102 105 100 99 97 94 77 73 71 69 67 64 62 61 60 56 55 54 54 53 53 53 50 46 42 42 43 43 51 47 43 42 41 41 41 42 42 40 43
17 17 18 19 20 19 20 22 24 25 27 29 31 33 34 34 37 41 40 42 44 45 45 47 48 46 45 45 45 47 48 52 58 74 209 382 323 247 181 149 109 92 86 82 81 81 89 153 166 120 117 109 107 103 98 96 94 92 86 77 75 73 69 67 63 63 63 61 58 55 53 52 50 52 53 52 48 44 43 47 42 37 44 42 43 42 40 40 40 42 41 41
18 17 18 19 19 19 21 23 24 26 28 31 33 35 36 36 39 41 42 43 45 46 49 49 49 49 48 46 47 47 48 51 56 63 133 347 362 286 233 204 147 107 91 89 84 83 87 98 104 108 133 125 118 106 99 92 89 84 79 77 75 71 69 67 65 64 64 60 58 56 53 53 50 49 49 50 49 48 44 45 40 43 42 46 43 42 41 35 41 41 42 43
16 17 18 18 19 20 22 23 25 27 31 33 35 36 39 40 41 42 44 45 47 48 50 51 52 56 52 47 47 48 49 49 53 60 96 266 422 365 310 266 198 136 108 100 90 88 87 95 97 101 123 140 122 109 97 94 88 84 80 76 74 72 71 68 66 64 63 60 58 57 56 53 52 52 48 47 45 46 44 42 42 43 44 44 42 42 41 42 42 42 41 41
17 17 18 18 20 21 23 25 27 29 32 34 36 38 40 42 44 45 46 48 48 50 52 53 54 58 53 51 50 49 49 50 51 58 70 181 396 434 374 303 230 171 129 112 99 96 89 95 97 100 119 145 110 101 107 106 96 84 78 76 75 74 72 70 67 65 65 61 60 57 54 53 52 52 50 48 46 44 43 43 43 43 43 39 43 41 41 41 44 42 44 41
16 17 17 18 21 22 24 26 29 31 33 36 38 40 42 46 47 48 50 56 52 54 57 57 57 60 61 64 53 50 50 51 52 55 60 103 256 437 414 343 253 196 152 129 111 106 96 94 93 100 105 113 117 133 142 161 134 92 82 79 77 75 73 71 68 65 64 59 58 58 58 56 55 53 51 49 48 46 45 43 43 42 42 51 44 40 39 41 39 41 40 39
16 17 17 19 22 24 26 28 31 33 34 38 42 43 44 47 49 52 54 58 56 57 59 60 60 60 60 58 54 54 52 52 52 53 59 75 142 306 428 325 245 204 212 165 128 118 106 97 92 96 102 111 119 133 158 145 106 97 91 81 76 74 72 69 67 66 62 60 58 61 60 58 56 53 51 49 48 44 43 43 43 43 42 43 39 41 40 44 40 40 39 40
16 17 18 20 22 25 27 30 33 35 37 40 43 46 48 49 52 54 57 58 59 62 63 63 63 63 61 61 56 55 55 54 53 54 55 63 94 182 319 354 309 278 252 204 154 140 122 107 99 97 103 112 120 119 115 102 95 96 86 80 76 74 71 68 66 66 63 61 63 61 60 58 55 54 52 49 48 46 44 43 42 43 41 38 43 41 38 41 42 35 39 40
16 18 20 21 23 25 30 32 34 37 39 42 45 49 51 53 55 57 59 62 64 64 65 65 66 65 65 63 65 58 57 57 55 55 55 58 67 90 154 293 374 303 220 187 196 173 145 127 115 103 102 116 127 115 102 95 89 86 83 82 82 83 76 72 68 65 67 78 76 63 61 59 56 55 53 51 48 48 46 43 43 40 17 34 38 38 41 42 42 39 38 39
18 19 21 22 25 27 31 34 36 39 42 45 48 51 54 56 59 62 62 72 68 68 68 69 68 68 94 86 65 61 60 58 59 56 57 58 61 65 75 148 302 321 251 239 248 197 176 163 136 125 118 143 113 100 96 89 87 84 82 99 123 107 91 78 70 72 78 103 145 77 63 62 58 56 54 52 50 49 48 46 44 44 43 36 37 39 38 42 42 41 40 42
19 21 23 25 27 31 32 35 41 42 44 47 50 54 58 62 64 68 80 82 71 71 72 72 71 70 75 85 75 64 62 62 61 58 58 59 60 61 66 80 164 309 290 297 264 187 194 203 159 151 153 137 106 99 94 92 88 85 88 107 162 109 85 76 77 86 106 93 86 70 64 62 58 56 54 52 51 50 49 46 43 43 42 43 42 41 41 41 42 42 42 40
20 22 24 26 30 32 36 37 40 44 47 50 53 57 61 63 67 71 82 89 77 76 76 74 73 73 71 77 93 66 65 65 63 61 60 61 60 61 64 67 93 190 331 374 284 221 219 221 138 138 165 144 125 110 103 97 102 101 96 98 112 85 83 82 89 110 140 103 71 68 66 61 60 58 55 54 54 52 51 47 45 43 40 41 40 42 42 42 41 42 40 41
19 21 24 26 32 33 35 39 43 46 49 53 57 62 69 69 71 76 80 84 84 83 80 77 77 76 74 70 69 71 74 67 67 69 64 62 62 62 63 65 72 97 216 341 326 297 253 176 120 142 209 182 164 138 127 117 137 136 99 98 93 95 90 93 91 107 146 92 72 73 70 65 67 61 58 56 55 53 52 51 50 47 45 41 43 41 42 42 42 40 42 42
20 23 25 35 41 38 38 41 45 48 54 54 60 67 74 80 91 126 95 91 92 88 84 82 82 81 78 73 70 69 79 73 68 67 65 64 64 63 63 65 69 76 94 143 271 335 258 171 112 134 237 231 205 178 166 156 184 135 118 131 110 116 98 106 95 95 87 76 76 90 121 87 70 64 59 58 58 57 53 52 49 48 47 43 46 44 41 43 41 42 41 41
21 25 28 30 34 39 41 43 48 52 55 60 66 91 100 106 125 163 115 101 99 95 91 86 88 86 80 77 74 72 72 79 82 68 67 66 65 64 65 66 68 70 74 81 125 229 229 149 105 135 255 272 250 225 208 203 169 123 153 169 125 129 109 114 101 98 86 92 87 105 197 132 77 66 62 60 60 57 53 50 48 47 44 43 44 44 44 41 43 42 41 40
22 25 28 31 35 39 44 47 50 55 62 67 81 174 205 170 246 181 134 114 108 104 98 91 94 92 86 84 79 76 75 73 73 69 71 68 68 66 64 67 70 71 73 77 81 107 144 117 97 133 243 287 289 270 245 231 147 148 191 219 138 137 127 126 111 106 111 196 176 117 171 192 109 72 67 63 61 56 52 51 48 45 43 43 44 44 44 44 43 42 41 41
21 25 28 31 35 39 48 53 52 55 65 76 93 145 246 353 391 289 185 128 128 157 146 109 102 99 93 87 82 78 75 73 72 72 78 69 70 67 65 66 70 75 74 75 78 80 85 89 90 104 144 154 199 254 282 196 150 184 223 238 149 142 155 136 131 124 183 217 221 146 202 277 171 86 72 66 62 58 56 53 49 47 44 45 45 43 42 43 42 40 39 38
30 33 28 31 36 43 52 61 61 57 63 89 157 195 299 540 460 234 146 163 182 219 200 161 117 105 95 89 83 79 77 75 75 74 70 72 72 69 68 68 68 74 78 77 77 79 82 86 90 98 109 108 123 154 176 128 127 205 257 208 165 167 184 171 156 141 221 180 224 229 268 306 194 139 100 69 61 55 51 48 45 45 46 44 41 42 43 42 41 41 38 37
34 25 28 33 37 46 60 65 64 68 63 82 208 343 424 527 387 254 200 260 210 240 247 152 133 177 115 89 84 82 79 78 77 74 72 72 74 71 70 71 69 70 73 79 81 81 83 85 90 96 96 99 105 119 108 108 130 189 203 205 228 185 217 214 165 167 187 177 223 286 249 283 218 196 127 68 63 57 52 48 45 42 42 44 42 42 41 42 42 40 39 37
22 25 29 34 39 65 153 104 77 75 69 90 176 304 360 379 327 159 184 275 223 275 213 135 175 259 130 93 87 85 83 82 80 76 75 75 76 73 72 72 73 72 73 75 77 80 83 87 92 92 92 93 96 99 99 104 124 140 165 220 252 207 256 252 166 188 147 213 205 220 180 243 212 118 83 69 64 57 55 50 47 43 43 41 41 40 42 42 42 41 40 40
23 27 32 35 48 129 269 192 140 90 73 81 95 144 206 256 211 132 125 150 196 303 279 214 312 267 116 95 90 88 87 84 81 80 77 77 78 75 73 75 75 73 76 78 78 81 85 86 89 89 90 91 92 93 93 95 97 101 109 182 271 212 272 232 114 120 145 144 133 129 146 187 161 100 81 75 70 61 55 53 47 43 42 41 40 40 40 41 41 42 42 42
25 29 33 39 56 124 240 322 210 101 77 72 79 87 123 225 171 115 105 108 129 175 312 385 392 255 139 98 95 94 89 85 84 80 78 79 80 77 75 81 80 77 80 82 83 83 83 84 85 86 89 91 88 89 90 90 89 91 100 157 182 129 160 129 96 147 140 106 120 151 140 180 135 127 119 80 64 60 56 50 46 43 42 39 39 40 39 38 41 42 44 46
26 29 34 40 56 124 220 320 232 114 79 68 70 75 80 125 120 111 97 97 104 128 284 478 390 238 137 105 100 96 90 86 86 82 80 81 79 77 76 84 92 82 85 85 84 84 82 81 84 86 86 86 86 85 86 87 87 87 92 97 95 97 94 90 100 162 110 96 124 136 148 168 207 235 243 140 63 57 56 53 49 45 42 39 38 38 38 38 39 43 45 46
27 32 35 41 56 101 223 328 300 153 76 63 65 67 69 85 101 89 90 93 97 153 331 410 392 264 147 111 107 98 95 87 83 83 84 83 81 78 77 80 85 89 89 87 86 85 82 80 81 84 83 83 83 81 83 85 84 83 82 85 85 86 84 84 86 88 94 104 130 135 156 193 251 320 350 204 73 56 54 51 50 46 42 40 39 39 40 40 41 43 44 46
26 31 35 38 49 93 178 200 348 182 78 60 60 63 66 71 92 84 86 88 91 120 155 188 318 260 168 124 120 109 98 90 87 85 87 86 82 81 80 81 87 91 91 89 86 84 82 80 78 78 80 81 81 80 80 82 81 79 77 79 79 82 79 81 82 87 105 121 142 168 202 262 325 385 379 174 65 55 51 48 45 43 41 40 33 39 39 40 41 42 43 45
