work/..work/ls/Thails/ThaiDEM500_0000400000_0011600000.asc
ncols 800
nrows 800
xllcenter 400250.000000
yllcenter 1600250.000000
cellsize 500.000000
nodata_value -9999
[rows 697 to 737 of 800, columns 552 to 643 of 800]
28 28 34 38 44 59 84 152 325 175 76 57 59 65 67 71 77 83 83 85 84 92 104 143 222 200 156 128 130 116 123 105 93 88 89 88 84 82 82 83 86 91 90 89 86 84 82 80 77 76 78 79 79 78 77 78 79 80 76 76 81 80 77 77 84 95 119 136 167 227 279 328 340 301 179 85 60 54 51 47 43 41 41 41 43 41 39 40 38 39 42 43
27 29 33 36 42 49 62 92 185 157 60 55 105 155 94 71 76 78 79 79 82 87 95 129 176 150 142 127 121 117 110 103 96 94 95 91 85 86 87 88 87 88 89 87 85 84 82 81 78 75 75 77 77 77 76 77 78 80 75 75 77 77 75 75 81 84 89 99 94 154 258 228 144 98 72 64 58 55 52 47 45 46 48 50 50 48 46 40 39 38 42 40
28 29 32 35 39 42 49 52 63 68 54 58 161 189 107 68 72 73 76 80 87 92 98 102 128 132 132 124 118 114 111 104 100 100 100 94 89 88 92 94 91 90 87 85 83 83 82 80 78 74 72 74 75 74 77 75 75 77 71 71 75 75 72 72 78 79 74 74 84 109 129 95 73 68 63 61 57 53 50 47 49 50 54 57 58 52 47 42 34 40 42 40
29 30 31 33 36 38 43 45 48 49 51 56 103 105 65 67 69 71 75 83 99 102 117 121 110 119 129 126 124 117 108 104 100 104 103 97 95 94 96 96 92 90 87 84 82 80 80 79 78 75 72 71 72 73 72 73 72 75 71 68 73 75 71 70 75 75 69 69 71 70 71 71 66 63 61 59 56 53 49 50 53 55 59 61 56 48 45 41 39 46 57 63
28 30 30 33 35 38 41 43 45 48 51 54 56 60 59 65 68 71 77 93 147 156 130 157 143 123 144 136 135 134 115 110 106 102 101 97 98 95 95 94 91 89 88 86 84 81 78 77 76 73 71 69 69 70 71 71 70 73 68 66 69 72 70 68 73 70 65 65 66 65 65 65 66 62 61 59 55 53 50 54 60 60 65 65 58 52 45 42 41 48 73 115
28 30 31 33 35 38 40 43 45 46 48 50 54 60 58 64 68 74 82 126 193 306 220 197 205 143 148 140 135 147 122 112 106 101 98 96 93 91 91 89 91 89 86 87 86 83 80 76 75 73 71 69 68 66 68 69 67 67 65 63 68 69 67 66 70 68 62 60 63 61 60 63 64 62 60 57 56 56 56 58 65 69 66 60 54 50 45 43 45 51 65 97
28 29 31 35 38 40 42 41 43 46 48 49 56 61 63 66 68 77 87 154 197 266 319 325 272 151 130 132 123 136 121 106 102 103 102 99 94 90 87 86 89 89 84 81 83 84 82 81 79 76 75 71 67 66 65 65 64 63 63 62 65 67 64 63 65 67 61 57 58 60 58 60 63 62 63 63 63 63 59 59 64 66 63 58 52 48 46 47 49 49 49 50
28 29 32 36 36 36 38 40 43 46 49 51 55 58 66 66 70 80 93 123 164 217 297 259 218 163 130 123 119 121 114 103 100 98 97 97 94 92 89 85 85 86 83 80 81 80 83 85 82 79 75 72 69 68 66 64 62 63 60 60 62 63 62 61 63 65 60 56 55 57 56 62 65 66 65 64 66 65 61 61 61 60 58 56 51 48 49 50 49 47 44 43
31 32 33 32 34 36 37 40 43 47 50 51 59 86 66 66 71 83 97 137 158 211 284 190 185 155 132 120 114 114 109 104 100 100 94 94 94 91 89 86 82 82 80 78 77 78 81 85 84 81 75 73 72 72 68 66 66 63 61 58 60 60 61 58 59 61 58 56 52 53 54 60 63 61 59 58 62 67 65 64 60 58 54 52 51 52 52 52 47 44 44 44
32 33 33 34 33 35 38 42 46 52 54 56 138 108 62 68 74 84 104 196 243 212 235 166 157 149 131 122 113 108 109 104 99 96 94 91 91 89 87 86 84 83 79 78 76 75 78 82 83 83 78 77 76 74 73 71 70 66 63 60 58 57 57 58 57 59 54 53 50 51 54 55 57 56 54 58 64 66 68 69 64 63 58 53 53 53 50 48 44 45 44 44
41 36 41 51 34 35 38 43 50 56 60 62 124 110 67 73 82 91 141 267 358 297 210 158 144 138 126 121 113 105 105 105 98 98 92 90 87 86 83 84 82 82 80 79 76 74 75 77 82 81 79 78 76 77 76 72 67 65 65 62 58 57 54 55 54 54 52 50 50 50 50 52 52 53 53 58 63 63 65 67 68 64 57 56 57 54 51 47 45 43 43 42
53 39 40 51 36 36 40 44 50 58 64 92 187 136 75 82 96 115 228 403 349 213 166 159 141 128 123 116 110 105 101 101 100 99 95 91 88 86 84 82 80 79 80 78 78 75 74 75 78 77 77 76 72 76 77 73 68 63 62 62 60 61 59 57 55 54 53 54 52 50 49 49 48 51 54 58 61 62 62 63 64 66 62 62 59 55 53 52 50 46 46 46
28 29 30 31 33 37 41 46 51 59 67 104 169 193 111 133 147 158 316 403 283 182 143 170 123 119 119 113 110 106 100 96 97 97 92 91 89 89 87 83 81 78 77 77 76 76 73 72 74 73 70 72 69 73 77 72 68 65 66 65 64 68 66 62 60 59 58 57 56 53 51 47 48 49 52 54 59 58 57 59 63 69 68 65 65 62 60 58 56 53 51 49
25 26 28 30 34 39 42 47 53 61 68 76 102 170 274 270 235 247 266 281 187 142 126 125 117 113 114 110 105 102 101 97 92 95 94 93 88 85 83 80 77 78 75 74 73 74 75 73 72 71 69 69 68 73 78 72 70 68 70 68 68 69 68 66 67 65 64 62 61 56 54 49 46 46 48 54 56 54 58 60 66 68 66 63 62 60 57 56 55 55 51 50
22 23 25 29 34 37 42 48 59 70 70 76 85 167 296 331 339 342 240 191 144 125 116 115 110 107 107 106 101 96 94 96 89 91 93 92 88 87 85 82 80 78 76 73 73 74 73 72 69 68 67 66 66 68 73 70 73 73 71 70 68 67 68 68 68 67 68 68 63 58 54 50 48 45 45 50 50 51 56 59 65 66 64 61 57 56 53 51 48 46 44 44
21 22 25 28 32 36 40 44 83 208 123 86 84 101 144 207 305 360 226 159 147 141 116 107 103 102 102 103 100 94 91 91 89 86 89 90 88 86 86 84 81 80 78 76 74 75 72 72 72 69 68 66 66 64 68 69 70 74 72 66 64 63 66 66 65 68 69 66 62 57 55 50 48 45 46 47 49 52 57 61 63 65 69 66 60 53 51 47 44 42 40 40
22 24 24 27 30 34 39 41 120 278 303 136 100 103 108 165 304 306 180 139 135 168 167 128 98 96 96 97 93 89 87 87 87 84 86 88 88 86 84 83 81 79 77 74 74 73 74 76 74 71 72 69 68 63 65 64 69 70 69 65 62 60 63 62 62 67 67 64 60 56 54 51 49 48 45 46 48 50 54 57 60 61 66 67 65 59 55 49 44 39 38 34
21 21 24 25 28 34 36 43 90 144 252 150 172 158 127 150 255 236 171 140 118 123 230 142 96 92 92 92 89 88 86 85 86 84 84 85 85 84 84 80 78 76 75 77 76 75 78 77 77 76 73 71 71 65 63 61 65 68 68 64 62 61 61 59 62 65 64 59 55 53 51 49 49 45 43 43 45 47 51 52 58 63 67 69 72 68 60 51 45 40 36 33
20 21 23 24 27 31 34 34 34 89 169 146 202 236 204 188 194 225 204 151 115 99 119 103 95 87 87 85 84 82 81 81 80 80 83 82 83 83 83 81 80 78 81 77 79 79 82 81 82 78 76 76 71 68 66 63 61 64 63 62 61 57 57 57 59 60 61 55 54 51 49 48 47 43 42 42 42 46 47 48 54 58 64 71 70 74 69 57 49 44 38 35
17 21 21 22 24 25 29 30 29 74 161 124 144 251 276 247 123 175 320 312 199 108 92 85 82 82 81 79 80 79 78 77 76 76 81 80 80 81 83 82 81 81 82 82 85 84 88 86 85 82 82 80 75 72 68 63 60 61 61 59 58 57 57 55 60 55 54 50 53 51 48 46 45 43 41 42 42 45 45 48 52 56 59 68 67 72 67 61 54 45 39 35
15 18 19 20 21 24 25 27 30 41 94 91 104 246 228 210 103 86 121 232 265 296 180 120 87 81 80 80 80 79 77 76 74 75 77 77 77 80 84 85 84 84 84 85 87 87 89 89 86 86 87 85 83 78 75 69 66 62 60 59 57 56 56 55 54 51 51 50 49 49 46 46 45 44 42 41 42 41 41 42 47 51 54 59 66 72 67 62 56 47 39 36
13 15 19 19 22 21 22 25 28 34 52 49 85 161 150 121 72 69 67 82 133 218 270 204 187 176 87 75 78 79 72 72 70 72 75 73 74 79 83 86 86 86 87 87 90 89 92 89 90 90 93 91 90 87 83 78 74 70 68 65 63 62 59 56 54 52 51 50 48 47 47 46 45 45 43 42 42 42 41 39 42 47 52 56 59 65 67 65 61 52 43 37
20 19 19 18 22 22 22 25 28 32 38 44 55 125 125 63 59 58 59 61 68 108 221 142 149 133 95 71 75 78 70 71 70 69 73 74 81 79 83 85 87 89 90 92 92 91 94 93 93 98 100 100 101 100 95 89 83 78 76 74 71 67 65 61 57 56 54 53 51 51 50 50 48 46 43 45 44 43 41 39 38 42 46 52 63 67 71 66 60 53 47 43
22 22 21 19 19 22 23 24 29 30 33 37 61 194 77 53 51 50 51 52 55 58 89 104 93 75 68 65 70 72 71 72 70 70 72 75 82 83 83 87 90 95 96 97 97 96 98 98 97 102 108 103 104 104 105 100 88 87 86 86 82 77 71 67 62 60 58 56 55 55 54 53 52 49 48 49 49 48 44 41 38 37 40 46 62 80 88 83 65 54 45 41
22 23 21 18 18 21 23 25 28 30 32 38 90 199 77 44 45 44 46 51 53 49 49 53 59 62 63 63 65 67 74 70 79 74 76 79 82 84 85 91 97 101 101 104 102 102 101 102 100 103 101 102 104 104 104 104 96 96 98 100 90 83 75 69 66 66 63 61 58 57 57 56 55 53 50 52 52 51 47 43 41 41 38 39 53 84 109 112 97 65 50 40
22 23 21 20 19 21 22 25 27 27 28 34 54 158 79 42 42 41 45 45 47 45 46 50 55 58 60 60 61 63 79 83 101 79 80 81 86 103 129 132 104 106 105 106 106 109 108 107 103 104 104 106 105 105 106 106 106 103 107 103 93 86 78 75 70 72 71 67 63 60 60 59 58 56 54 57 55 56 53 52 48 44 38 38 43 55 69 79 93 91 71 50
21 22 20 19 20 22 25 24 26 28 55 40 30 65 125 45 40 40 41 39 40 41 44 48 52 54 55 57 61 73 85 79 79 84 81 91 131 150 169 206 120 117 112 111 119 115 114 113 109 105 106 115 112 107 107 107 107 107 107 104 95 87 82 78 75 79 79 76 69 65 65 64 63 61 58 59 60 62 63 62 56 49 42 38 37 54 74 57 76 106 92 64
19 21 17 21 20 21 21 22 22 24 30 28 28 30 49 55 36 37 38 40 42 45 47 50 51 52 61 66 67 86 117 84 84 111 81 95 159 206 224 227 166 171 194 236 219 132 135 123 113 108 109 112 112 109 108 109 110 109 108 109 102 94 86 81 81 86 87 82 74 68 67 69 70 66 65 64 64 67 70 68 66 58 50 48 39 41 47 53 83 75 57 48
18 17 18 20 20 20 20 22 22 23 25 27 28 32 40 36 34 38 39 39 40 45 50 54 55 55 68 92 82 90 80 80 79 80 81 88 101 129 151 167 166 168 175 205 245 162 181 133 113 110 114 114 123 141 119 121 124 114 112 110 103 94 87 85 87 88 87 82 75 72 72 74 74 73 73 70 71 76 73 72 65 58 58 62 60 50 38 38 47 51 55 59
15 17 18 19 19 20 21 23 23 24 26 27 39 35 31 32 34 35 36 36 38 44 48 53 56 56 62 96 126 118 93 96 102 83 81 92 139 140 134 171 187 172 177 193 234 191 206 148 118 113 116 137 178 183 159 129 124 119 114 113 106 99 94 90 92 90 85 81 77 75 77 78 79 78 79 76 73 75 75 71 67 64 61 64 69 86 95 67 42 32 35 32
15 14 15 17 16 18 20 24 23 25 24 26 28 31 32 31 33 34 44 34 38 48 50 51 56 57 58 66 65 67 75 78 80 83 79 92 90 99 126 203 198 193 181 216 235 232 207 209 142 115 116 151 221 210 189 137 128 124 119 114 109 103 101 98 95 89 87 85 80 79 82 82 84 84 85 82 77 75 75 73 69 70 64 60 58 59 74 93 46 33 36 35
13 13 14 16 16 16 18 21 24 24 26 24 29 29 34 36 30 30 31 33 39 41 43 48 53 56 71 65 57 60 69 76 77 79 78 78 77 81 91 146 213 194 149 184 211 170 227 247 214 118 118 139 194 199 183 141 132 127 122 116 112 107 106 101 96 92 90 86 81 83 86 86 87 88 88 84 82 81 77 72 73 72 68 62 59 53 49 43 36 31 32 31
13 13 15 18 17 17 17 20 21 25 24 25 26 26 28 29 28 28 29 30 30 33 36 39 46 48 49 49 48 49 56 64 70 66 67 71 72 76 81 91 114 151 135 129 131 129 137 171 198 118 121 127 141 156 143 138 132 127 122 117 113 109 107 104 100 98 93 89 88 90 91 91 92 92 92 88 87 84 80 76 74 72 70 65 62 57 53 45 36 31 31 32
12 13 15 18 17 18 17 18 18 21 22 24 26 26 25 28 26 28 29 30 30 30 35 33 36 41 42 45 43 47 49 53 58 61 63 66 68 72 77 88 97 109 115 118 119 120 124 126 123 121 126 132 189 251 208 151 135 127 123 118 113 110 111 111 108 99 95 90 91 94 95 96 96 96 96 93 92 90 86 84 80 78 74 70 67 64 52 43 36 30 30 32
10 17 18 18 15 16 18 18 17 18 21 22 24 28 31 29 28 29 28 29 28 30 30 31 34 35 36 38 38 42 45 48 53 57 62 64 68 71 75 86 91 99 105 110 115 122 125 125 124 122 138 147 231 267 279 225 179 151 122 117 113 112 110 110 107 102 97 93 95 96 100 103 161 200 121 104 100 95 91 89 86 82 77 72 70 61 48 39 33 29 30 33
12 14 18 19 16 16 18 17 18 18 20 23 24 30 30 31 29 27 27 29 28 28 28 29 30 32 33 36 38 41 43 45 50 55 58 59 64 71 80 89 91 93 100 104 109 115 127 135 125 125 140 140 173 221 265 239 197 222 163 119 119 124 130 113 107 104 102 99 101 98 104 142 255 307 194 123 111 116 135 108 91 86 79 72 66 56 48 38 33 31 32 31
11 13 15 14 14 14 16 15 17 23 21 24 23 25 28 28 31 30 33 29 29 29 30 28 30 31 34 35 40 43 45 46 49 53 54 59 65 71 78 86 91 95 105 111 111 115 121 133 132 127 131 172 219 278 267 267 174 180 181 132 142 154 170 126 125 106 106 105 104 106 128 241 348 344 301 187 162 290 332 296 212 106 79 68 60 53 46 36 30 30 30 27
11 12 12 11 12 14 14 15 16 17 20 25 24 26 24 26 26 29 31 31 33 31 31 31 30 33 34 36 40 41 44 46 48 50 55 57 63 71 75 84 91 100 111 115 117 119 126 136 133 141 132 137 157 202 230 190 159 159 158 168 147 141 186 184 195 118 112 114 143 163 204 314 350 315 307 269 166 304 377 364 324 202 84 69 58 51 43 34 30 29 30 27
10 11 11 12 12 13 13 13 14 18 20 21 22 23 26 26 26 30 33 30 32 33 29 31 30 32 35 35 38 41 45 45 50 49 54 59 67 72 79 86 92 100 107 115 118 119 122 125 127 149 140 138 152 150 177 167 144 145 154 187 196 206 189 216 217 161 137 158 216 263 253 285 286 290 292 249 192 323 392 384 396 262 98 71 58 49 41 35 31 28 26 29
9 10 10 11 12 12 12 12 13 13 15 22 21 23 21 21 22 27 29 28 30 29 28 27 27 30 33 36 39 40 42 46 48 52 55 60 67 71 78 85 93 98 102 110 116 118 119 123 125 131 134 197 241 278 230 170 148 143 156 158 171 212 218 227 231 220 186 214 225 268 280 292 300 330 328 234 219 354 359 398 383 262 120 119 108 52 41 48 31 29 22 29
9 9 10 12 12 11 11 11 12 12 15 23 20 17 16 17 20 24 27 28 28 30 27 25 28 31 31 34 36 39 39 43 47 53 56 61 63 67 75 79 85 91 97 109 116 119 118 123 130 171 141 236 323 369 395 294 166 147 139 136 159 213 233 256 255 258 254 247 270 309 326 295 303 355 302 263 204 289 311 380 369 230 125 126 163 116 47 37 32 31 27 36
