work/..work/ls/Thails/ThaiDEM500_0000400000_0011600000.asc
ncols 800
nrows 800
xllcenter 400250.000000
yllcenter 1600250.000000
cellsize 500.000000
nodata_value -9999
[rows 697 to 737 of 800, columns 368 to 459 of 800]
68 68 65 62 60 54 53 51 49 46 44 43 43 41 39 38 37 36 36 35 34 34 33 33 31 31 30 29 29 28 27 27 26 24 25 31 35 32 34 36 51 93 43 35 27 20 14 12 12 13 14 14 13 13 13 12 12 11 12 12 12 13 14 18 17 14 13 12 12 12 11 12 12 12 12 12 12 13 13 13 12 12 13 13 14 15 15 14 14 14 14 13
66 71 71 66 61 56 59 56 49 48 44 42 40 39 38 38 37 36 35 35 34 33 33 32 31 31 30 29 28 28 26 27 26 26 24 29 33 35 40 42 55 71 61 48 47 21 18 13 11 13 12 14 14 13 13 12 11 13 12 12 12 12 13 16 17 13 14 13 14 13 12 11 12 11 11 12 12 13 13 12 12 14 14 13 13 14 17 14 13 14 13 13
64 65 68 66 65 59 62 56 48 46 41 39 39 37 36 37 36 36 35 35 34 34 34 32 32 30 30 29 29 28 27 26 25 26 24 27 30 33 37 42 49 53 72 77 104 29 22 19 13 13 13 14 14 13 13 13 13 12 13 12 11 13 13 17 17 14 13 13 13 13 12 11 12 11 12 11 12 13 12 12 13 13 13 13 14 14 16 15 13 13 13 13
61 61 62 62 64 60 56 54 49 46 43 38 38 36 36 37 36 36 35 34 32 34 32 32 31 30 29 28 28 27 28 26 25 25 23 25 28 29 35 39 43 53 61 56 43 29 22 17 15 14 14 14 13 12 13 14 13 12 13 13 12 13 15 17 17 14 14 14 14 13 12 12 12 12 11 11 11 13 13 12 13 12 12 12 14 14 16 15 13 13 13 14
61 59 59 57 58 62 60 54 48 45 43 39 38 34 35 35 35 34 34 34 33 32 32 31 30 31 30 28 29 28 27 26 24 24 24 23 26 29 33 36 40 52 55 48 36 28 23 19 16 14 13 13 13 13 13 13 13 12 12 13 13 13 15 17 14 13 13 14 14 14 12 12 12 11 11 13 12 12 12 11 12 12 12 13 13 14 16 15 14 13 14 14
61 58 56 54 54 58 56 55 51 48 42 39 37 35 35 33 34 34 33 33 33 32 31 31 30 31 30 30 28 27 27 26 25 23 23 22 24 27 28 31 34 40 46 43 33 28 24 21 20 16 13 13 13 13 13 13 13 14 13 13 13 13 14 17 15 13 12 13 14 13 13 13 12 14 12 13 12 13 12 11 11 11 12 13 13 14 15 16 14 14 15 15
61 58 56 54 53 58 54 53 53 48 43 38 38 37 34 33 33 33 33 33 31 31 30 30 30 29 28 28 27 27 25 25 25 24 22 22 21 23 25 27 30 36 40 42 35 29 26 25 33 29 16 13 13 12 14 13 13 13 13 13 14 14 14 14 16 17 16 13 14 13 13 13 13 13 13 13 12 11 12 11 11 12 13 13 13 13 14 15 16 16 14 14
60 59 56 54 52 53 54 50 53 48 43 40 39 37 36 34 34 32 32 32 32 31 30 29 28 28 28 27 27 26 25 24 24 24 23 22 21 20 21 23 27 30 36 39 33 28 25 31 32 36 19 14 12 12 12 14 13 12 12 13 13 14 14 13 14 16 16 13 12 13 13 13 13 13 13 13 12 12 12 11 11 13 13 12 12 13 14 14 15 14 13 14
59 58 56 54 51 50 51 48 50 45 41 41 38 37 37 35 34 32 31 30 30 31 29 29 28 27 27 26 26 26 25 24 24 22 23 21 21 20 20 20 22 26 32 33 29 24 25 27 26 27 37 17 13 11 12 13 13 13 11 13 13 13 14 14 15 16 13 12 11 13 13 11 12 13 15 13 13 12 12 11 11 12 13 13 12 13 14 15 13 13 14 16
59 56 55 53 52 49 48 46 46 44 42 42 40 38 37 36 34 32 32 33 30 30 29 28 28 27 26 26 25 25 25 24 23 23 22 22 21 20 20 19 21 26 30 29 25 22 21 19 19 21 29 27 16 13 12 12 12 13 13 13 12 13 13 13 15 16 12 12 14 14 13 12 13 12 14 13 13 12 12 11 11 12 12 13 12 12 14 14 13 13 14 16
57 56 54 51 51 50 47 46 45 43 43 42 41 39 37 36 35 34 32 31 30 29 29 28 27 26 26 25 25 25 25 25 25 24 24 23 21 20 20 19 19 22 28 25 22 24 22 19 17 16 16 20 19 13 12 12 12 12 12 12 12 12 13 13 16 14 13 13 12 12 12 13 14 14 12 13 12 13 11 11 12 11 12 12 12 13 14 14 14 13 13 15
56 55 53 52 49 49 47 45 43 43 43 41 40 39 37 37 35 33 32 31 31 30 29 29 31 29 26 26 25 26 26 24 25 25 25 24 22 21 20 20 20 20 23 21 22 24 25 23 22 22 17 14 14 13 13 13 12 12 12 11 12 12 12 13 15 13 13 13 12 11 13 13 14 14 11 12 12 12 12 12 11 11 12 12 13 14 13 13 12 12 13 12
61 57 53 51 49 48 46 45 44 42 41 40 39 38 37 37 35 32 32 32 34 31 33 32 31 29 28 27 27 26 24 23 24 24 24 23 24 23 23 22 20 19 19 19 23 25 27 26 23 22 21 15 13 13 13 12 13 12 12 11 11 12 12 13 16 14 13 12 12 13 13 12 11 12 14 14 12 12 12 11 12 10 11 12 14 13 12 12 12 11 12 12
58 57 56 54 52 48 47 45 43 41 41 40 38 38 38 38 34 32 33 34 31 33 30 29 29 29 29 29 27 26 25 24 23 22 22 22 21 21 23 23 24 23 21 20 22 26 26 25 23 23 28 14 13 13 12 12 12 12 12 13 11 12 12 12 15 16 46 20 12 12 12 11 10 11 13 14 12 12 11 11 11 11 11 12 14 12 12 12 12 12 11 13
54 52 52 50 48 46 48 45 43 43 40 40 39 37 36 35 34 34 34 33 31 31 31 30 30 30 29 28 26 25 26 25 24 22 22 21 21 20 20 21 21 21 20 20 23 23 23 21 21 21 19 16 14 13 13 12 12 12 12 12 13 16 12 15 16 16 59 96 48 13 11 11 12 12 13 12 12 12 12 11 11 11 11 13 14 11 11 11 11 12 11 12
53 53 56 52 50 46 45 46 43 40 39 39 37 36 35 35 35 33 33 32 32 33 31 30 31 30 29 28 26 25 24 24 25 22 21 21 19 19 19 19 19 18 18 19 20 21 18 17 16 16 15 15 14 13 12 12 13 12 12 12 14 31 27 14 15 16 18 84 52 15 11 11 13 13 13 12 13 12 11 11 11 11 11 11 11 12 11 10 11 12 13 12
52 51 55 57 53 47 46 43 42 40 39 38 37 38 37 36 35 33 34 35 34 32 32 32 31 31 28 27 25 25 23 23 23 24 23 24 23 21 21 21 20 19 18 18 17 17 17 16 15 15 15 14 14 13 12 12 12 15 22 14 12 18 23 20 13 15 17 21 53 53 39 15 13 14 13 12 12 12 12 12 11 12 12 11 10 11 11 11 10 11 12 12
51 49 55 57 55 48 44 42 41 40 39 38 40 39 39 38 36 36 35 34 34 32 33 32 30 28 28 27 26 25 24 24 23 22 22 22 24 24 23 21 18 18 18 18 17 17 17 16 15 14 14 14 13 13 13 12 14 22 35 24 12 13 20 13 12 12 15 16 19 41 40 12 13 12 12 12 12 11 13 12 12 11 11 12 11 10 11 10 11 12 11 12
51 49 50 51 48 46 44 42 42 41 40 41 39 38 36 36 35 35 36 35 35 34 33 31 30 29 28 27 27 25 24 24 23 22 21 21 20 21 20 20 20 18 17 17 17 17 16 16 15 15 15 14 14 13 13 18 16 19 25 20 12 11 11 12 12 12 15 16 15 11 15 16 13 11 12 12 11 11 12 11 12 11 12 11 11 11 11 10 11 11 11 12
51 50 48 48 45 45 46 44 44 42 42 41 40 38 37 36 36 36 34 35 35 34 33 31 30 28 27 27 27 25 25 24 23 22 22 21 20 20 22 19 18 18 17 18 17 16 15 16 16 16 17 14 13 12 12 13 20 17 13 12 11 11 10 11 11 12 13 24 14 12 12 13 14 15 15 13 12 11 12 12 12 11 11 11 12 10 11 10 11 11 11 11
50 48 48 46 45 45 46 43 43 42 40 40 38 38 38 35 34 34 34 33 33 33 31 31 30 30 29 29 27 26 25 24 24 25 23 22 21 19 18 19 18 18 16 16 16 15 15 15 15 15 15 15 14 12 12 12 13 14 11 11 12 36 29 11 11 11 12 14 22 46 13 12 14 12 12 15 12 12 12 13 12 12 11 12 13 13 10 10 10 11 12 12
49 49 48 46 45 45 45 42 43 41 41 38 38 37 36 35 35 35 35 34 33 34 32 31 30 30 30 29 28 28 27 25 24 24 22 21 20 19 20 18 18 17 16 16 15 14 14 15 15 15 13 14 14 13 13 13 12 12 11 11 11 15 23 11 10 11 11 12 15 24 13 20 15 12 12 14 13 11 12 13 14 13 13 13 12 13 11 10 10 11 12 14
50 48 47 48 45 47 43 44 42 41 41 40 37 38 40 37 36 36 34 33 33 35 32 32 31 31 29 28 28 28 27 26 25 24 23 21 21 19 19 18 17 17 16 16 15 14 15 14 13 13 13 13 14 15 13 13 11 12 14 13 11 11 11 10 10 11 11 12 14 15 15 15 11 32 22 14 15 13 12 12 14 13 11 11 11 13 12 10 10 11 11 14
50 49 47 47 46 45 44 43 42 41 41 40 39 38 38 37 37 35 34 33 33 35 33 33 32 31 30 29 28 28 28 26 25 23 22 22 20 20 19 18 20 18 17 17 15 15 14 13 14 13 13 13 13 13 13 13 14 13 12 12 11 11 11 11 10 10 11 12 11 12 15 12 11 13 17 12 12 13 13 14 12 12 11 11 12 14 11 10 10 10 12 13
49 48 47 46 46 45 45 43 43 43 42 41 39 40 39 39 39 36 34 33 35 34 34 33 33 31 29 29 29 27 27 28 25 23 22 21 21 20 19 19 23 21 20 21 19 15 15 15 14 13 13 13 13 13 13 12 12 13 13 13 11 11 11 10 11 11 11 11 11 12 14 14 11 11 17 11 11 12 15 13 12 11 11 11 13 12 10 11 11 11 12 14
49 49 48 46 46 45 45 45 44 42 43 41 40 39 40 40 39 37 36 36 36 35 35 32 33 31 28 28 27 27 26 26 25 26 24 23 22 20 19 21 19 18 19 18 17 15 15 15 14 12 12 12 12 12 11 12 12 11 11 10 11 11 11 11 10 11 11 11 10 11 12 15 11 11 12 17 12 14 12 13 11 11 11 11 13 11 10 11 12 12 13 14
49 48 49 47 47 45 44 45 43 41 39 42 40 41 40 39 39 38 37 36 36 35 33 32 30 29 29 27 27 26 26 24 25 23 24 24 22 22 22 20 19 19 19 17 16 15 14 14 14 13 12 12 12 12 12 12 12 11 10 11 11 11 11 10 10 11 10 11 11 11 12 14 13 11 11 11 11 14 12 12 11 11 12 12 12 12 11 12 13 13 14 14
47 46 47 47 45 45 44 42 44 41 39 39 39 40 38 38 37 37 37 35 34 34 33 32 30 29 27 26 25 24 25 25 24 23 24 23 23 23 22 22 19 18 18 16 16 15 15 15 14 14 14 12 12 12 11 11 11 12 11 10 11 11 11 11 11 10 10 11 10 12 15 14 14 11 11 11 11 11 13 11 10 11 11 11 12 13 13 14 13 13 15 13
49 45 46 45 45 44 43 43 43 43 40 38 38 37 36 37 36 36 35 35 33 33 35 34 31 30 28 26 25 26 24 25 24 22 23 22 21 21 22 21 19 18 17 17 17 15 15 15 17 15 12 13 12 11 11 13 13 11 11 12 10 10 10 10 10 10 10 11 11 14 15 12 10 11 12 10 10 11 12 11 11 11 11 12 11 13 14 13 13 13 12 13
47 46 46 45 46 43 43 41 40 40 40 40 38 37 37 36 35 34 33 34 35 33 31 30 30 29 28 28 26 26 25 24 24 24 23 23 21 21 19 19 18 18 17 17 16 16 16 15 14 13 13 12 12 11 12 11 10 10 10 10 10 10 10 11 10 10 10 10 11 14 13 11 11 10 11 11 11 11 13 11 11 11 11 12 13 13 14 13 12 12 13 12
47 46 45 44 43 42 42 41 40 39 39 39 38 38 37 36 34 34 33 32 34 34 31 30 29 29 29 29 27 27 26 25 25 24 24 23 22 22 20 20 19 18 18 17 16 16 16 16 14 14 13 13 12 12 12 11 10 11 11 9 9 9 9 10 10 10 10 10 11 15 13 11 10 10 11 12 13 13 13 11 11 11 12 12 12 11 13 12 12 12 11 12
48 45 44 44 43 42 42 41 41 40 38 38 37 36 36 35 34 32 33 32 32 33 31 30 30 29 28 28 27 26 25 25 24 24 23 23 21 20 20 19 19 18 18 18 18 16 15 15 16 14 13 13 12 12 11 12 11 11 10 10 9 9 9 9 10 14 13 13 14 13 11 11 10 11 12 14 12 11 11 11 10 11 12 11 12 14 12 12 12 11 11 11
48 46 47 44 43 42 41 40 40 39 38 38 37 37 36 36 35 33 33 32 32 31 31 30 30 29 28 26 26 26 26 25 25 24 23 22 22 21 21 20 19 19 19 18 17 15 15 15 15 15 14 13 13 12 12 12 11 10 10 9 10 9 9 10 11 14 13 11 10 11 11 11 11 12 14 11 11 11 11 11 10 10 11 11 11 11 13 12 13 13 11 11
47 47 46 43 44 43 42 41 40 40 39 38 38 37 36 35 34 34 35 33 32 30 30 29 29 28 28 29 28 26 25 25 24 24 23 22 22 21 20 20 20 19 18 17 17 17 15 16 14 14 14 13 13 14 12 11 11 11 9 10 10 9 9 10 10 16 10 10 9 10 11 11 11 13 11 10 11 11 11 10 11 10 11 11 11 11 12 12 12 12 12 11
47 46 45 45 44 44 43 41 41 40 39 39 38 38 36 35 35 34 33 31 31 31 30 28 28 29 30 30 28 27 25 25 24 24 24 23 22 21 21 21 20 19 18 18 17 17 16 15 16 16 15 13 13 12 13 11 10 10 10 10 10 10 9 10 11 13 12 9 9 9 9 11 12 11 11 10 11 10 10 10 10 10 10 10 10 10 11 12 12 12 11 10
46 46 45 44 45 43 44 41 41 41 40 39 38 37 37 36 36 34 33 32 31 30 30 30 29 30 28 29 27 26 25 24 24 24 24 22 22 22 23 22 20 19 18 18 17 16 17 17 15 15 14 14 13 14 13 11 11 10 10 9 9 10 10 10 13 13 11 9 9 9 10 10 11 12 10 11 11 9 10 10 11 10 10 10 9 9 10 12 11 11 10 11
46 45 45 45 44 44 42 42 41 40 40 39 39 38 37 38 37 34 33 32 32 31 31 30 30 28 28 28 27 26 25 25 24 24 23 23 21 22 23 22 20 19 19 19 18 18 19 18 14 15 14 14 15 15 14 12 10 11 10 10 10 10 10 10 10 12 12 10 9 8 9 9 10 13 10 10 11 10 10 9 9 9 10 10 10 10 13 12 11 11 10 10
47 46 45 44 44 44 43 43 43 42 41 41 41 39 38 38 36 35 34 33 33 31 30 30 28 28 28 28 27 26 26 26 24 24 24 23 23 22 21 22 21 20 20 19 18 19 18 16 15 15 15 15 16 14 13 13 12 13 12 10 10 10 10 9 10 10 14 12 9 9 9 9 10 11 11 10 10 11 9 9 9 9 10 10 11 11 14 12 10 9 10 10
46 45 45 45 44 44 42 43 44 44 42 41 39 40 38 38 38 36 35 34 33 31 29 29 29 29 27 28 27 26 26 25 24 25 24 24 23 22 21 21 21 21 20 19 18 18 18 16 17 16 15 15 15 14 13 14 14 13 12 10 10 10 9 9 10 11 13 13 10 9 9 9 9 10 12 10 10 9 9 10 10 9 10 10 11 12 13 11 10 9 9 9
47 46 46 46 46 45 42 43 43 41 39 38 38 37 37 36 35 34 34 35 33 31 30 30 29 29 28 28 27 26 26 25 25 26 25 24 24 22 22 21 21 21 20 19 18 19 19 18 16 16 16 15 15 14 13 12 11 11 11 10 10 10 10 10 10 11 12 14 11 9 9 9 10 10 11 11 11 9 8 9 9 10 10 9 10 11 12 12 11 10 10 9
49 48 45 45 44 43 43 43 41 40 39 38 38 37 36 35 35 34 34 34 32 32 32 31 29 30 28 28 28 27 27 26 24 26 25 24 24 23 23 22 22 21 20 19 19 19 18 18 17 16 16 15 15 13 12 11 10 10 12 11 10 9 10 10 10 9 13 13 11 9 9 9 10 10 11 11 12 11 10 9 9 10 10 10 9 9 11 13 11 10 10 10
