work/..work/ls/Thails/ThaiDEM500_0000400000_0011600000.asc
ncols 800
nrows 800
xllcenter 400250.000000
yllcenter 1600250.000000
cellsize 500.000000
nodata_value -9999
[rows 328 to 368 of 800, columns 92 to 183 of 800]
-9999 -9999 -9999 -9999 -9999 -9999 -9999 -9999 -9999 -9999 -9999 -9999 -9999 -9999 -9999 232 224 214 210 212 216 218 224 221 223 230 235 245 258 273 299 345 435 452 449 450 481 542 576 582 595 618 654 660 673 697 705 716 725 739 815 787 747 768 811 900 947 965 976 856 805 780 825 893 880 791 797 921 832 754 745 757 830 850 735 668 722 870 841 844 807 655 540 649 669 704 751 794 917 1009 1022 979
-9999 -9999 -9999 -9999 -9999 -9999 -9999 -9999 -9999 -9999 -9999 -9999 -9999 -9999 -9999 233 225 220 214 213 220 219 222 226 230 232 239 246 260 281 303 346 424 481 548 517 534 563 573 616 605 624 667 675 689 698 699 711 708 726 771 733 745 800 909 1048 954 861 884 846 838 814 775 770 784 840 894 978 905 816 762 751 795 860 772 685 729 884 875 829 814 753 608 572 728 700 680 757 877 996 1056 978
-9999 -9999 -9999 -9999 -9999 -9999 -9999 -9999 -9999 -9999 -9999 -9999 -9999 -9999 -9999 -9999 224 221 213 212 218 221 223 229 230 233 238 248 260 274 292 395 500 523 562 599 612 617 608 588 639 666 676 679 698 697 689 695 701 709 728 739 754 827 965 1040 938 840 827 874 879 875 851 780 741 809 877 942 933 830 804 764 774 775 735 714 720 790 770 739 664 696 647 573 706 788 768 733 814 953 1026 1022
-9999 -9999 -9999 -9999 -9999 -9999 -9999 -9999 -9999 -9999 -9999 -9999 -9999 -9999 -9999 -9999 217 212 213 208 217 229 226 228 229 229 241 245 257 271 300 392 445 473 500 538 580 587 586 579 646 668 686 693 702 712 711 712 720 716 731 746 761 831 959 925 947 830 808 840 857 853 851 782 746 760 806 875 958 892 887 812 746 726 665 661 665 677 670 664 602 610 632 582 706 820 864 796 793 892 985 1037
-9999 -9999 -9999 -9999 -9999 -9999 -9999 -9999 -9999 -9999 -9999 -9999 -9999 -9999 -9999 -9999 -9999 -9999 215 212 224 215 218 222 223 230 248 245 257 270 286 336 428 512 538 560 565 568 579 582 609 656 691 691 703 721 731 744 718 717 721 730 760 858 974 868 833 784 779 815 805 795 786 784 795 775 788 817 922 911 824 764 683 709 701 633 630 623 606 592 665 763 815 729 781 833 888 897 881 937 959 1008
-9999 -9999 -9999 -9999 -9999 -9999 -9999 -9999 -9999 -9999 -9999 -9999 -9999 -9999 -9999 -9999 -9999 -9999 215 219 234 235 226 227 235 233 249 251 255 263 276 303 368 455 521 547 558 569 579 591 594 604 665 680 696 727 796 727 693 702 711 731 776 892 974 835 758 746 762 792 791 805 780 794 858 903 937 899 871 862 874 868 777 670 650 661 620 655 612 579 675 794 785 845 862 859 806 858 924 974 1003 1020
-9999 -9999 -9999 -9999 -9999 -9999 -9999 -9999 -9999 -9999 -9999 -9999 -9999 -9999 -9999 -9999 -9999 -9999 214 223 230 230 238 237 243 248 246 257 258 266 279 305 370 449 511 549 555 574 570 576 587 596 651 672 729 785 811 731 683 698 722 744 777 833 898 845 755 739 751 763 784 809 806 831 899 1043 1090 995 873 909 944 864 781 709 654 636 638 655 593 570 571 624 697 793 828 782 864 857 929 974 970 1015
-9999 -9999 -9999 -9999 -9999 -9999 -9999 -9999 -9999 -9999 -9999 -9999 -9999 -9999 -9999 -9999 221 217 221 227 253 233 238 248 249 260 248 264 264 277 290 323 388 460 501 537 549 559 587 601 590 593 614 645 731 729 701 699 739 789 811 793 793 779 790 794 744 733 741 760 774 816 873 857 850 981 1029 944 879 877 863 829 849 831 754 706 640 623 607 584 594 588 671 678 700 770 752 802 922 873 883 983
-9999 -9999 -9999 -9999 -9999 -9999 -9999 -9999 -9999 -9999 -9999 -9999 -9999 -9999 -9999 237 221 218 214 217 266 253 242 262 260 262 255 270 281 297 311 345 399 460 490 510 540 601 657 602 590 593 598 623 671 650 654 701 731 797 781 774 741 737 740 734 724 732 744 758 787 853 941 934 948 1037 1052 941 886 863 875 865 881 822 797 748 693 665 642 711 667 614 593 604 627 717 865 812 803 857 971 1033
-9999 -9999 -9999 -9999 -9999 -9999 -9999 -9999 -9999 -9999 -9999 -9999 -9999 -9999 -9999 245 226 219 218 229 229 250 239 242 253 272 267 265 292 310 320 346 409 457 475 516 579 633 623 596 604 604 595 594 609 624 656 760 738 723 713 727 714 729 748 727 729 740 749 760 786 908 986 997 1034 1061 1076 954 957 912 838 878 916 848 827 781 748 679 668 752 749 667 624 629 623 782 954 935 890 938 964 978
-9999 -9999 -9999 -9999 -9999 -9999 -9999 -9999 -9999 -9999 -9999 -9999 -9999 -9999 -9999 251 236 229 223 217 219 232 268 276 259 285 265 275 297 317 324 353 412 452 475 536 563 591 594 579 585 605 588 593 605 616 642 735 693 690 716 724 724 724 721 716 726 734 743 755 789 900 888 949 1036 1026 1051 955 967 938 860 856 886 871 841 862 784 728 749 798 774 736 626 603 670 777 908 864 890 952 934 988
-9999 -9999 -9999 -9999 -9999 -9999 -9999 -9999 -9999 -9999 -9999 -9999 -9999 -9999 -9999 -9999 259 242 231 218 219 227 280 345 314 320 266 279 292 313 322 354 394 439 452 479 521 555 549 598 608 600 582 596 609 624 647 684 689 704 724 731 721 707 707 718 730 739 762 761 780 843 893 1026 982 955 979 951 964 915 867 847 871 891 882 879 848 773 721 739 672 676 629 658 710 706 751 768 863 1008 1002 1023
-9999 -9999 -9999 -9999 -9999 -9999 -9999 -9999 -9999 -9999 -9999 -9999 -9999 -9999 -9999 -9999 257 232 220 217 220 227 250 372 373 368 286 269 294 314 329 347 376 407 398 426 481 491 499 586 611 579 584 590 592 615 646 680 694 718 723 720 709 699 709 717 735 748 777 774 787 902 970 963 914 927 959 974 973 961 920 866 848 921 961 900 825 783 744 706 705 731 680 649 809 826 743 811 842 860 889 1012
-9999 -9999 -9999 -9999 -9999 -9999 -9999 -9999 -9999 -9999 -9999 -9999 -9999 -9999 -9999 -9999 -9999 -9999 223 222 221 222 227 322 430 418 306 266 281 311 326 345 360 367 374 406 425 452 509 530 554 576 588 581 589 615 654 672 688 703 707 708 698 698 717 724 726 733 753 754 764 833 903 887 904 915 936 947 955 964 971 900 858 879 961 941 865 839 737 735 747 698 657 633 741 853 856 746 868 935 997 1004
-9999 -9999 -9999 -9999 -9999 -9999 -9999 -9999 -9999 -9999 -9999 -9999 -9999 -9999 -9999 -9999 -9999 -9999 -9999 239 229 223 222 291 432 423 318 287 286 291 304 330 348 387 385 391 405 446 497 524 541 561 576 592 593 619 645 659 677 692 698 691 693 710 719 729 746 739 756 764 781 839 874 878 907 887 897 918 930 949 976 933 877 867 897 967 951 846 813 778 766 728 715 658 699 770 917 819 813 919 912 949
-9999 -9999 -9999 -9999 -9999 -9999 -9999 -9999 -9999 -9999 -9999 -9999 -9999 -9999 -9999 -9999 -9999 -9999 -9999 273 263 235 221 252 389 447 340 308 301 306 325 318 347 389 411 404 414 466 503 529 546 560 569 574 586 608 628 646 665 677 679 686 697 717 725 731 742 748 771 758 820 948 949 878 895 869 881 924 946 950 966 946 925 900 898 910 904 907 854 802 787 755 748 674 720 738 845 879 803 836 978 948
-9999 -9999 -9999 -9999 -9999 -9999 -9999 -9999 -9999 -9999 -9999 -9999 -9999 -9999 -9999 -9999 -9999 -9999 -9999 -9999 -9999 301 258 235 318 390 351 324 313 321 334 339 346 377 411 416 442 473 512 539 548 553 555 568 572 581 612 633 645 662 673 681 689 708 709 717 724 752 849 832 786 915 938 863 880 858 885 907 908 922 946 961 972 956 911 886 909 915 837 754 731 737 708 670 710 716 756 858 902 923 980 1108
-9999 -9999 -9999 -9999 -9999 -9999 -9999 -9999 -9999 -9999 -9999 -9999 -9999 -9999 -9999 -9999 -9999 -9999 -9999 -9999 -9999 388 404 270 293 378 386 354 332 331 306 326 353 370 375 369 432 468 510 531 543 547 551 554 561 571 573 603 639 660 664 675 681 693 709 723 729 764 898 883 809 876 923 849 859 850 885 893 888 905 941 963 994 985 937 887 878 919 887 767 716 731 759 693 696 712 727 776 832 892 1015 1140
-9999 -9999 -9999 -9999 -9999 -9999 -9999 -9999 -9999 -9999 -9999 -9999 -9999 -9999 -9999 -9999 -9999 -9999 -9999 -9999 -9999 485 477 437 260 340 364 323 330 324 286 302 348 348 324 332 387 457 486 518 540 545 545 551 561 568 585 587 634 656 661 665 679 689 705 708 727 848 874 817 815 837 842 849 838 856 882 874 889 917 962 980 989 981 956 921 871 873 876 834 813 763 748 753 672 682 741 749 773 823 948 1079
-9999 -9999 -9999 -9999 -9999 -9999 -9999 -9999 -9999 -9999 -9999 -9999 -9999 -9999 -9999 -9999 -9999 -9999 -9999 -9999 -9999 -9999 487 547 323 340 379 355 295 297 281 291 321 343 315 322 374 449 477 517 539 541 544 548 554 564 579 586 615 643 650 665 680 685 694 711 745 835 807 803 820 837 839 834 838 874 864 863 890 930 948 965 973 968 978 974 906 856 870 921 868 811 798 772 683 693 712 765 796 799 867 977
-9999 -9999 -9999 -9999 -9999 -9999 -9999 -9999 -9999 -9999 -9999 -9999 -9999 -9999 -9999 -9999 -9999 -9999 -9999 -9999 -9999 -9999 -9999 -9999 425 338 368 362 328 288 270 277 308 319 302 316 359 434 466 512 532 537 542 543 552 562 571 591 615 621 637 661 665 676 694 722 850 864 802 835 853 839 823 831 854 856 851 869 886 898 922 950 956 976 970 949 947 893 869 897 918 847 808 766 731 710 750 743 762 773 862 922
-9999 -9999 -9999 -9999 -9999 -9999 -9999 -9999 -9999 -9999 -9999 -9999 -9999 -9999 -9999 -9999 -9999 -9999 -9999 -9999 -9999 -9999 -9999 -9999 407 328 413 434 359 286 263 269 282 287 302 312 349 408 460 514 528 531 534 542 551 557 574 595 613 615 625 636 650 666 726 823 876 818 802 827 833 814 816 835 862 842 852 861 854 865 886 922 966 973 952 952 961 905 875 880 863 823 789 735 712 742 785 780 770 827 841 912
-9999 -9999 -9999 -9999 -9999 -9999 -9999 -9999 -9999 -9999 -9999 -9999 -9999 -9999 -9999 -9999 -9999 -9999 -9999 -9999 -9999 -9999 -9999 -9999 390 353 333 444 368 335 274 263 276 300 305 314 338 371 440 504 522 532 539 546 552 567 584 596 604 615 621 628 635 644 655 735 788 801 792 794 805 803 824 839 850 837 840 855 840 852 868 914 956 953 954 969 965 897 894 892 873 918 868 761 694 783 846 845 834 859 834 836
-9999 -9999 -9999 -9999 -9999 -9999 -9999 -9999 -9999 -9999 -9999 -9999 -9999 -9999 -9999 -9999 -9999 -9999 -9999 -9999 -9999 -9999 -9999 -9999 -9999 409 369 275 295 359 317 251 264 307 317 354 363 412 448 481 510 529 542 550 554 560 574 596 602 609 613 616 621 633 648 691 833 891 837 809 786 805 813 832 838 827 835 836 829 845 864 905 924 926 933 945 955 899 923 955 973 925 943 855 720 726 817 861 904 870 830 811
-9999 -9999 -9999 -9999 -9999 -9999 -9999 -9999 -9999 -9999 -9999 -9999 -9999 -9999 -9999 -9999 -9999 -9999 -9999 -9999 -9999 -9999 -9999 -9999 -9999 443 513 381 257 350 317 254 279 297 284 318 399 439 436 451 487 523 542 542 559 562 571 593 599 610 609 619 627 648 650 672 746 779 757 777 790 790 806 829 820 821 822 815 824 842 867 911 903 898 898 922 926 904 921 1003 915 872 899 917 776 682 791 847 841 814 794 797
-9999 -9999 -9999 -9999 -9999 -9999 -9999 -9999 -9999 -9999 -9999 -9999 -9999 -9999 -9999 -9999 -9999 -9999 -9999 -9999 -9999 -9999 -9999 -9999 -9999 -9999 -9999 389 297 307 327 245 278 273 270 323 365 378 387 430 492 520 531 550 556 560 573 583 597 603 606 617 623 635 643 653 667 694 723 754 771 781 788 806 808 817 809 809 824 848 879 893 883 873 882 902 883 889 923 1012 884 831 843 846 803 794 711 745 824 862 847 891
-9999 -9999 -9999 -9999 -9999 -9999 -9999 -9999 -9999 -9999 -9999 -9999 -9999 -9999 -9999 -9999 -9999 -9999 -9999 -9999 -9999 -9999 -9999 -9999 -9999 -9999 -9999 -9999 407 290 342 248 256 247 260 298 306 325 371 425 488 510 536 550 549 554 570 581 595 602 608 611 617 622 628 633 642 663 706 774 852 862 812 797 821 815 806 825 832 851 864 867 856 859 862 863 854 876 977 974 855 833 813 844 925 932 758 727 766 833 900 936
-9999 -9999 -9999 -9999 -9999 -9999 -9999 -9999 -9999 -9999 -9999 -9999 -9999 -9999 -9999 -9999 -9999 -9999 -9999 -9999 -9999 -9999 -9999 -9999 -9999 -9999 -9999 -9999 387 280 308 245 235 257 269 334 377 358 406 430 470 523 544 550 550 552 569 585 598 601 616 622 624 626 641 648 642 672 762 879 875 796 799 814 808 802 805 827 845 857 851 841 840 848 851 847 932 928 982 946 916 853 833 858 948 997 849 771 735 886 916 890
-9999 -9999 -9999 -9999 -9999 -9999 -9999 -9999 -9999 -9999 -9999 -9999 -9999 -9999 -9999 -9999 -9999 -9999 -9999 -9999 -9999 -9999 -9999 -9999 -9999 -9999 -9999 -9999 328 297 358 283 233 248 277 351 421 410 400 427 486 522 542 542 543 549 571 593 600 616 634 635 631 642 667 685 664 668 781 862 781 775 809 798 796 802 827 832 848 855 847 831 831 837 830 839 956 1012 1010 1023 990 873 875 887 879 960 939 828 727 827 840 925
-9999 -9999 -9999 -9999 -9999 -9999 -9999 -9999 -9999 -9999 -9999 -9999 -9999 -9999 -9999 -9999 -9999 -9999 -9999 -9999 -9999 -9999 -9999 -9999 -9999 -9999 -9999 -9999 -9999 -9999 380 310 235 230 252 360 442 461 446 422 461 505 535 540 543 549 569 580 597 615 618 605 619 638 665 678 680 684 785 807 743 769 789 773 779 793 809 812 843 847 824 818 824 822 813 872 951 1000 1078 1069 1004 918 941 929 865 866 854 836 744 801 880 861
-9999 -9999 -9999 -9999 -9999 -9999 -9999 -9999 -9999 -9999 -9999 -9999 -9999 -9999 -9999 -9999 -9999 -9999 -9999 -9999 -9999 -9999 -9999 -9999 -9999 -9999 -9999 -9999 -9999 -9999 390 356 257 231 256 355 447 466 475 457 459 501 529 537 546 546 566 580 589 602 608 600 604 616 634 673 666 674 735 740 736 761 768 761 768 774 777 796 824 819 808 815 818 812 813 863 923 995 1045 1039 1033 1003 949 913 892 882 927 869 765 831 849 931
-9999 -9999 -9999 -9999 -9999 -9999 -9999 -9999 -9999 -9999 -9999 -9999 -9999 -9999 -9999 -9999 -9999 -9999 -9999 -9999 -9999 -9999 -9999 -9999 -9999 -9999 -9999 -9999 -9999 -9999 -9999 316 266 232 248 370 449 471 481 491 496 506 519 527 538 539 555 570 577 582 591 612 605 609 663 706 660 657 698 719 730 740 747 757 772 768 769 787 796 795 796 796 795 794 820 919 985 1067 1027 985 987 1003 965 925 965 992 893 878 787 804 933 950
-9999 -9999 -9999 -9999 -9999 -9999 -9999 -9999 -9999 -9999 -9999 -9999 -9999 -9999 -9999 -9999 -9999 -9999 -9999 -9999 -9999 -9999 -9999 -9999 -9999 -9999 -9999 -9999 -9999 -9999 -9999 -9999 -9999 254 235 267 377 458 476 475 473 491 502 511 520 530 541 558 575 578 588 598 608 622 681 699 660 651 684 712 728 736 739 758 776 781 767 779 789 803 784 775 777 793 838 969 1066 1128 1063 1021 1003 979 986 949 937 909 862 822 809 763 882 1010
-9999 -9999 -9999 -9999 -9999 -9999 -9999 -9999 -9999 -9999 -9999 -9999 -9999 -9999 -9999 -9999 -9999 -9999 -9999 -9999 -9999 -9999 -9999 -9999 -9999 -9999 -9999 -9999 -9999 -9999 -9999 -9999 -9999 253 240 246 297 441 462 458 456 471 487 502 513 517 526 555 569 580 590 598 622 635 664 668 665 646 669 696 718 730 741 756 767 765 776 801 796 785 767 762 776 798 857 940 1070 1179 1082 1017 1019 995 988 1001 1003 901 903 949 960 828 793 848
-9999 -9999 -9999 -9999 -9999 -9999 -9999 -9999 -9999 -9999 -9999 -9999 -9999 -9999 -9999 -9999 -9999 -9999 -9999 -9999 -9999 -9999 -9999 -9999 -9999 -9999 -9999 -9999 -9999 -9999 -9999 -9999 -9999 236 267 259 286 405 450 442 455 468 489 499 508 511 524 547 540 558 576 586 604 620 642 662 658 639 653 674 695 720 740 757 760 771 778 788 763 739 743 751 783 812 894 992 1119 1139 1097 1067 1057 1067 1057 981 932 916 1032 939 857 918 938 816
-9999 -9999 -9999 -9999 -9999 -9999 -9999 -9999 -9999 -9999 -9999 -9999 -9999 -9999 -9999 -9999 -9999 -9999 -9999 -9999 -9999 -9999 -9999 -9999 -9999 -9999 -9999 -9999 -9999 -9999 -9999 360 268 307 257 277 277 312 403 435 446 467 487 495 507 507 517 523 528 543 575 578 593 619 643 652 649 635 652 668 683 698 736 752 756 764 757 777 753 724 737 729 782 838 942 1089 1151 1099 1098 1094 1075 1050 1072 995 1004 1056 983 1032 985 1023 909 829
-9999 -9999 -9999 -9999 -9999 -9999 -9999 -9999 -9999 -9999 -9999 -9999 -9999 -9999 -9999 -9999 -9999 -9999 -9999 -9999 -9999 -9999 -9999 -9999 -9999 -9999 -9999 -9999 -9999 -9999 -9999 291 304 380 325 263 290 294 337 423 435 452 473 491 503 503 510 510 532 539 547 557 576 603 637 642 633 627 641 655 675 686 704 723 732 739 742 755 743 716 718 719 766 888 988 1051 1061 1114 1112 1094 1107 1065 1002 993 1117 1089 1014 1103 1155 1076 1026 908
-9999 -9999 -9999 -9999 -9999 -9999 -9999 -9999 -9999 -9999 -9999 -9999 -9999 -9999 -9999 -9999 -9999 -9999 -9999 -9999 -9999 -9999 -9999 -9999 -9999 -9999 -9999 -9999 -9999 -9999 326 271 368 418 403 295 275 280 294 398 418 430 446 481 489 493 493 502 515 533 537 555 575 596 627 623 612 615 635 652 664 662 663 683 708 727 726 730 720 709 708 717 810 885 949 1025 1048 1098 1089 1074 1070 1094 1075 1123 1100 1092 1135 1095 1200 1139 1082 1011
-9999 -9999 -9999 -9999 -9999 -9999 -9999 -9999 -9999 -9999 -9999 -9999 -9999 -9999 -9999 -9999 -9999 -9999 -9999 -9999 -9999 -9999 -9999 -9999 -9999 -9999 -9999 -9999 -9999 -9999 279 311 392 466 442 329 273 280 291 364 420 413 425 448 455 470 476 493 507 523 530 547 587 602 612 604 598 608 631 634 645 655 659 662 686 735 732 706 701 697 697 762 865 949 943 933 959 1030 1109 1115 1114 1145 1182 1165 1106 1171 1162 1148 1230 1198 1176 1086
-9999 -9999 -9999 -9999 -9999 -9999 -9999 -9999 -9999 -9999 -9999 -9999 -9999 -9999 -9999 -9999 -9999 -9999 -9999 -9999 -9999 -9999 -9999 -9999 -9999 -9999 -9999 -9999 -9999 -9999 254 317 416 484 459 346 290 273 279 334 413 409 412 423 428 440 461 482 501 510 521 533 563 584 594 586 592 594 613 622 646 659 653 651 657 708 707 692 693 683 672 737 787 801 813 854 871 951 1025 1169 1200 1254 1280 1205 1133 1187 1189 1170 1215 1191 1079 998
-9999 -9999 -9999 -9999 -9999 -9999 -9999 -9999 -9999 -9999 -9999 -9999 -9999 -9999 -9999 -9999 -9999 -9999 -9999 -9999 -9999 -9999 -9999 -9999 -9999 -9999 -9999 -9999 -9999 -9999 262 294 375 435 458 378 341 280 282 298 381 403 407 417 421 426 443 457 483 493 507 527 554 583 574 573 583 596 594 618 627 637 636 636 646 663 678 697 708 681 656 672 728 752 777 816 830 886 965 1155 1262 1288 1325 1274 1185 1218 1186 1241 1221 1092 1057 1123
