work/..work/ls/ThaiDEM500_0000400000_0011200000.zip/ThaiDEM500_0000400000_0011200000.asc
ncols 800
nrows 800
xllcenter 400250.000000
yllcenter 1200250.000000
cellsize 500.000000
nodata_value -9999
[rows 74 to 110 of 800, columns 332 to 414 of 800]
39 37 36 39 41 42 46 52 58 58 56 50 46 38 31 29 27 21 20 17 15 15 15 14 14 15 14 14 14 14 14 13 14 14 16 18 17 17 17 16 16 16 17 17 16 16 16 15 15 13 12 11 11 10 11 11 12 11 10 10 9 9 9 8 8 9 10 10 10 10 10 10 9 10 8 8 9 9 8 7 7 8 8
40 37 35 35 37 40 44 48 52 51 51 48 43 36 30 26 24 19 17 18 17 15 15 14 14 16 16 16 15 14 15 14 15 15 15 16 17 18 18 17 16 17 17 16 15 15 15 14 12 12 11 12 12 12 12 11 12 12 12 10 10 9 9 8 8 8 10 10 11 10 10 9 9 10 8 8 8 9 10 9 9 7 7
38 36 36 35 35 39 42 46 46 43 43 41 39 35 31 24 20 15 15 16 18 16 15 15 14 15 17 16 15 16 16 15 16 15 15 16 18 18 17 17 16 15 15 14 15 12 13 12 12 12 12 12 12 12 11 12 12 12 12 11 10 9 9 9 8 9 10 13 12 11 10 9 10 10 9 8 8 9 6 7 9 8 7
38 36 34 35 33 37 38 41 43 37 37 37 32 29 26 21 17 15 15 16 16 17 16 16 15 16 17 15 15 16 16 16 17 16 16 17 18 18 15 16 15 14 14 14 14 13 13 13 13 13 13 13 13 12 11 10 12 13 12 11 12 11 10 9 9 10 13 13 13 15 11 10 10 10 8 7 8 8 9 10 10 9 8
40 34 33 32 32 32 34 37 37 34 33 37 31 24 23 18 17 15 15 15 15 17 17 17 16 16 17 17 16 16 16 16 16 17 15 18 19 16 16 15 15 14 13 12 13 13 12 13 14 13 13 12 13 12 11 11 11 11 12 12 12 11 10 9 10 10 14 12 13 15 13 11 11 8 8 8 8 8 8 10 10 8 7
39 35 33 32 31 31 30 33 34 29 30 32 28 23 21 19 18 16 16 16 16 16 15 17 17 16 18 17 15 16 16 15 16 18 16 17 18 17 16 16 14 13 12 13 13 14 14 14 14 13 13 13 13 12 12 10 11 11 12 13 13 11 11 9 11 12 12 12 15 15 14 12 11 10 9 10 9 9 10 11 10 9 7
39 34 32 30 30 30 32 30 32 29 25 26 24 21 20 18 18 19 18 17 16 16 16 16 17 18 18 17 17 15 16 16 17 18 16 16 21 18 17 16 14 14 13 13 14 15 15 15 15 14 14 14 13 13 12 12 11 11 14 13 12 12 11 11 12 14 10 13 14 15 14 11 9 10 10 10 10 11 11 9 10 10 8
38 34 32 30 29 28 29 30 29 27 25 23 22 21 20 19 18 19 19 17 16 16 16 16 16 16 18 18 17 17 17 17 18 18 21 16 18 18 17 17 16 14 14 14 15 15 15 14 13 14 14 14 13 13 13 13 12 12 13 14 12 12 12 11 11 12 11 14 14 15 14 11 9 10 10 10 11 11 10 8 9 8 7
38 34 30 30 28 27 27 28 27 27 25 23 22 21 20 19 18 17 18 17 17 16 16 16 16 17 18 18 18 17 17 17 17 18 18 18 17 18 17 17 17 17 15 16 15 15 14 12 12 12 13 14 14 13 13 13 12 12 13 14 14 13 12 12 11 11 13 14 14 16 14 11 9 10 10 13 11 11 9 8 7 7 8
36 33 30 29 27 26 27 26 25 25 24 23 22 20 19 19 19 17 17 18 17 16 17 17 16 16 18 18 18 17 18 18 18 19 18 18 17 17 17 17 17 16 16 15 13 14 13 13 13 13 14 14 14 14 14 13 13 14 15 14 16 17 15 13 12 13 12 12 14 16 14 12 11 10 11 11 11 11 10 10 11 9 8
36 33 30 27 26 25 26 24 24 23 22 22 21 21 19 18 18 18 18 17 18 17 17 17 17 18 18 19 19 19 19 18 19 18 18 16 15 15 16 16 17 17 15 14 14 14 15 14 14 14 14 16 14 14 14 14 14 15 13 13 14 14 13 14 13 16 11 12 12 13 12 12 10 12 12 11 10 12 11 11 10 11 9
35 32 30 28 26 24 25 23 24 23 21 22 21 20 19 18 18 18 17 19 18 16 18 18 17 17 17 17 20 19 19 18 19 18 17 16 16 15 14 16 18 18 16 16 16 15 16 16 16 16 16 15 15 14 14 14 13 15 13 12 13 13 12 13 15 14 13 13 13 14 11 11 11 11 12 12 10 10 9 9 11 10 9
34 32 30 28 25 25 23 22 24 23 21 20 20 19 19 19 18 19 19 20 18 18 18 17 17 16 16 16 17 17 18 17 17 18 18 16 14 15 14 15 15 15 16 17 17 17 16 16 16 16 15 15 14 15 15 13 13 13 13 12 11 11 13 13 13 12 13 15 13 11 12 12 12 10 11 11 10 9 9 7 8 10 10
33 31 30 29 26 23 23 22 21 23 22 19 19 19 19 19 19 20 21 20 19 19 18 18 17 17 16 16 17 18 19 18 16 16 17 16 15 14 14 13 14 15 17 16 15 16 16 15 15 15 14 14 13 14 14 14 14 15 13 13 12 11 13 12 12 12 12 14 12 12 13 13 12 11 10 9 11 10 8 7 7 8 10
33 31 28 26 25 23 23 22 20 21 20 19 19 19 19 19 19 21 20 20 19 18 18 19 18 18 18 17 17 18 19 18 16 17 18 15 17 15 14 15 14 15 16 17 16 14 14 15 14 13 14 13 13 13 13 13 14 15 14 14 13 12 13 12 13 11 12 11 12 12 12 12 11 10 10 9 8 9 8 8 8 9 8
31 31 28 26 24 24 21 21 19 19 20 20 19 19 18 20 21 21 21 20 20 19 18 19 18 19 18 18 18 18 19 18 18 17 17 18 17 17 15 15 15 14 16 15 16 15 15 14 14 13 13 13 12 13 13 12 14 15 14 14 14 13 14 11 13 13 12 12 12 13 13 11 9 9 10 9 8 9 9 9 8 9 9
32 30 28 26 25 23 23 20 20 20 19 19 19 18 19 21 23 21 19 19 20 18 19 20 20 20 20 19 19 18 19 18 18 17 17 17 18 17 17 18 16 15 15 15 15 14 15 17 15 13 14 14 14 13 12 12 13 14 15 13 14 13 13 13 14 13 12 12 12 12 13 11 10 10 10 22 14 9 10 8 7 9 9
30 30 27 27 26 22 23 20 21 20 19 19 19 19 19 23 23 21 19 19 19 19 19 20 20 21 21 19 19 18 19 18 18 17 16 16 18 17 17 17 16 16 15 14 14 15 14 14 14 14 14 14 14 14 13 13 14 13 13 12 13 13 15 13 14 13 13 13 11 12 11 11 12 12 12 17 11 10 8 8 8 8 8
29 30 27 26 24 21 20 20 20 20 19 19 19 19 18 20 22 21 19 19 18 19 18 21 21 19 19 20 17 18 18 17 17 16 16 17 17 16 16 16 16 16 16 14 13 14 13 12 13 14 14 14 14 14 14 13 14 13 11 12 13 13 15 16 13 12 12 13 12 12 12 11 11 12 11 11 11 9 9 8 8 8 7
30 29 27 26 23 21 20 20 20 19 19 19 20 21 21 19 22 21 20 20 21 21 21 20 18 19 19 20 20 20 20 18 16 16 16 15 16 16 15 15 15 16 16 15 14 14 13 13 13 13 15 13 14 14 13 13 15 11 12 12 12 13 12 12 13 12 12 13 13 12 11 11 11 12 12 11 10 9 9 7 7 8 8
29 29 26 26 25 21 21 21 20 20 20 19 20 20 21 22 22 21 21 22 22 21 19 19 19 21 20 19 19 19 18 18 17 16 16 15 14 17 15 14 16 16 16 15 15 14 13 12 12 15 14 14 13 13 13 13 14 13 12 12 13 12 11 12 13 13 11 13 13 10 10 11 11 12 12 12 12 9 8 7 5 8 7
28 26 26 25 23 21 20 20 20 20 19 20 20 20 21 22 23 21 22 20 20 22 21 19 18 23 20 20 19 19 20 18 17 16 16 20 26 27 18 15 16 16 17 16 15 14 13 13 14 15 13 13 13 13 13 13 13 12 12 12 12 11 11 12 11 11 12 12 12 12 10 10 10 12 12 10 10 10 9 10 10 9 8
28 26 25 25 23 21 21 21 20 20 20 19 20 20 21 22 22 22 21 20 21 21 21 22 21 20 20 21 20 18 19 19 18 17 16 20 27 28 17 15 15 15 14 16 16 15 14 13 15 13 13 14 14 12 12 11 13 13 12 12 11 11 11 11 11 12 12 12 11 10 11 10 11 9 11 11 10 10 10 9 9 8 7
28 26 25 24 22 21 21 21 20 20 21 21 21 22 21 21 22 23 21 20 21 22 20 20 20 20 19 21 18 17 19 20 19 18 16 15 21 24 16 17 14 15 13 15 15 13 13 12 13 14 13 14 13 12 12 12 14 14 12 13 12 11 11 11 11 11 11 10 9 9 10 10 10 10 12 10 9 9 11 13 8 8 8
29 25 24 23 22 21 21 21 21 21 21 22 22 21 22 22 22 22 21 22 21 21 20 19 17 19 18 19 18 16 17 20 18 17 16 14 17 23 22 15 15 15 15 13 13 12 12 13 14 14 12 13 12 11 11 11 13 14 13 13 12 11 11 11 10 9 10 10 9 10 10 10 10 9 11 9 9 11 12 11 10 10 8
30 25 23 22 22 22 22 21 21 21 21 22 22 22 21 22 20 22 21 22 22 20 20 20 20 19 18 18 17 17 19 19 17 16 15 15 16 16 18 14 15 14 15 16 13 13 13 13 13 13 13 14 13 12 12 11 11 14 12 13 13 12 11 12 10 10 10 10 10 9 10 9 9 10 11 10 10 11 12 10 11 8 8
29 25 23 23 23 22 22 22 21 20 21 22 23 22 22 22 22 21 22 22 21 20 19 19 19 19 18 17 18 18 18 17 17 16 15 16 17 16 16 16 16 15 14 16 15 15 15 12 12 12 13 13 11 12 13 12 12 12 11 13 12 12 12 11 10 9 8 9 10 9 9 9 10 10 11 11 9 9 8 8 7 8 8
27 25 25 25 25 23 23 22 20 21 22 24 23 24 22 20 20 21 22 22 21 20 19 19 19 18 17 17 17 17 18 17 17 17 17 17 16 15 15 16 17 16 15 15 15 15 13 14 14 14 13 13 13 13 13 12 12 11 11 11 13 11 12 11 10 10 9 9 10 9 8 11 10 9 13 12 11 10 8 7 6 9 9
28 26 26 26 25 24 23 21 21 21 23 23 24 23 22 21 21 21 22 21 21 21 20 19 19 17 17 17 16 18 18 17 18 17 17 17 16 16 15 14 15 16 15 15 14 14 13 14 15 12 12 12 12 13 12 12 14 14 12 11 13 11 11 10 10 10 9 8 8 9 10 9 8 9 11 10 10 9 8 8 9 11 11
28 27 26 25 25 25 23 22 22 22 23 23 23 22 21 20 22 21 21 20 20 21 21 20 19 18 17 16 17 17 18 19 18 17 17 17 16 14 14 14 14 16 15 15 14 14 13 13 14 13 14 12 11 12 14 12 11 12 12 11 11 12 12 10 10 10 9 8 8 10 10 9 8 8 9 11 10 9 9 9 9 10 10
28 25 24 25 27 25 25 24 23 24 24 23 22 21 21 21 21 21 21 20 19 20 21 22 20 19 17 16 16 16 17 17 17 16 16 16 15 14 14 14 14 14 15 15 14 14 14 13 13 14 13 14 13 12 11 10 11 10 11 11 11 11 11 12 10 11 11 9 9 9 9 10 11 9 10 10 9 10 10 8 8 10 10
25 25 24 24 25 26 25 25 24 24 24 24 23 21 21 21 21 21 20 20 19 19 18 19 21 18 16 16 16 16 16 16 17 16 15 15 15 14 14 14 14 14 14 15 15 14 14 14 13 13 14 14 12 11 11 10 10 10 10 11 11 11 12 11 10 10 10 10 10 8 9 10 11 9 9 13 12 9 8 8 8 9 10
26 26 25 25 24 24 25 25 24 24 24 22 22 23 22 22 21 21 19 20 18 18 18 18 18 17 16 16 17 16 18 16 16 16 16 15 15 15 14 15 13 14 14 15 16 15 14 14 13 13 15 14 12 12 12 12 11 12 11 12 12 11 11 12 10 10 9 11 9 9 10 11 11 9 9 9 9 8 7 8 7 7 9
28 29 28 25 24 25 25 24 25 23 23 22 21 21 21 21 21 20 20 18 17 17 17 17 18 16 17 17 18 18 20 19 17 16 16 15 15 15 16 15 14 14 14 16 16 14 16 15 14 15 14 13 13 13 12 13 11 13 12 12 12 12 11 12 11 11 11 10 10 9 10 11 11 10 9 8 7 8 7 9 7 7 8
28 27 28 27 26 26 25 25 23 23 23 23 21 20 20 20 20 19 18 18 17 16 17 17 16 17 17 17 20 19 21 20 19 17 16 16 15 14 15 16 14 14 14 15 17 16 16 15 14 14 15 13 12 12 10 11 11 12 10 11 11 10 11 10 11 10 10 9 10 10 10 10 10 10 9 9 7 8 7 8 8 9 9
27 26 28 28 27 28 26 24 23 22 22 21 21 22 21 21 21 22 20 19 18 18 17 16 17 16 17 17 19 21 21 19 19 18 18 17 16 16 16 16 16 15 14 15 15 15 15 14 13 14 14 12 11 11 12 13 11 11 13 12 11 10 11 11 10 10 10 9 10 10 9 10 12 10 9 9 8 8 8 9 11 9 8
28 26 27 26 24 26 27 25 24 23 21 21 21 20 20 20 21 21 19 19 19 18 19 18 18 19 19 20 19 20 21 19 19 18 18 17 18 17 18 16 16 15 15 16 15 14 14 13 12 13 13 14 12 13 13 12 12 13 12 12 12 11 11 12 10 10 10 9 10 9 9 10 12 11 9 8 8 8 9 9 12 10 8
