work/..work/ls/ThaiDEM500_0000400000_0011200000.zip/ThaiDEM500_0000400000_0011200000.asc
ncols 800
nrows 800
xllcenter 400250.000000
yllcenter 1200250.000000
cellsize 500.000000
nodata_value -9999
[rows 111 to 147 of 800, columns 332 to 414 of 800]
25 26 27 29 27 27 26 25 24 22 22 22 21 20 20 20 22 21 21 18 18 18 18 19 20 21 20 20 22 22 23 19 19 19 17 18 18 18 18 17 17 17 17 17 16 15 13 13 12 12 12 14 12 13 11 13 12 13 12 12 12 12 10 11 12 11 10 9 9 9 9 9 10 11 9 7 7 7 9 10 10 8 8
28 27 32 30 25 28 27 26 23 22 23 22 21 20 20 21 23 21 21 19 18 18 18 19 21 17 13 16 18 23 22 20 20 19 19 19 18 18 17 18 17 17 17 16 17 17 16 14 13 12 12 13 13 13 12 13 14 14 13 13 13 12 12 12 11 10 10 9 9 9 8 9 9 12 10 8 7 8 9 11 11 10 9
30 32 30 28 25 27 28 26 24 23 22 22 22 21 21 22 24 23 20 20 19 19 19 20 21 18 17 20 20 19 23 20 20 19 19 19 18 17 17 18 17 16 17 16 16 17 15 16 15 14 14 14 14 14 14 13 13 14 14 12 12 12 11 11 10 10 10 9 9 9 9 9 11 11 10 9 8 10 10 11 11 11 10
28 29 30 27 24 25 23 26 27 25 23 23 22 21 22 23 19 18 22 21 21 21 21 23 21 18 22 21 19 17 23 21 19 19 19 17 17 16 17 17 15 16 16 14 15 16 15 16 16 15 15 16 17 15 14 13 12 14 15 14 12 12 12 11 9 10 10 10 9 9 10 11 11 12 11 9 9 11 11 11 10 9 8
24 25 25 25 26 27 27 23 27 26 23 22 22 21 22 19 16 14 18 21 20 23 22 17 14 14 16 21 20 19 22 21 20 19 18 18 16 16 16 15 14 15 15 15 14 15 15 15 14 15 15 21 16 13 14 15 14 16 14 13 12 12 13 12 12 12 13 12 11 9 11 12 12 12 11 10 11 10 10 11 10 9 11
24 25 24 24 24 24 26 21 28 25 23 21 23 22 22 16 14 15 20 19 23 24 18 18 16 13 14 21 19 20 21 20 20 20 18 17 17 18 16 16 15 13 15 14 14 13 15 15 16 14 16 16 14 13 12 13 14 13 13 14 14 13 12 11 10 9 12 13 11 10 12 11 12 11 11 10 11 9 10 8 8 10 9
24 24 24 23 23 23 25 23 26 26 25 23 23 22 22 18 19 20 23 19 16 21 21 21 20 19 20 20 20 20 21 19 19 18 17 17 17 16 16 16 15 16 16 15 14 12 14 13 14 15 17 15 14 15 14 14 13 12 13 14 13 12 13 12 11 11 12 12 12 12 12 11 11 10 11 14 12 10 10 8 8 8 8
23 23 23 23 23 23 24 24 25 25 21 22 24 23 20 14 21 19 23 22 22 22 20 19 19 20 20 18 19 19 21 21 19 17 16 16 17 17 16 16 15 15 15 14 14 13 13 13 14 15 15 16 15 16 16 15 13 14 15 13 13 12 12 11 11 10 12 12 11 11 11 12 10 9 10 10 11 9 9 9 8 8 7
22 23 23 22 23 22 22 24 24 26 24 24 24 23 15 17 19 18 23 21 22 21 20 21 19 19 18 18 20 19 19 21 21 18 17 16 18 16 16 15 14 15 15 14 14 14 13 11 14 15 15 15 16 16 15 14 17 15 15 14 12 12 11 12 10 10 10 11 10 10 10 10 9 8 8 9 10 9 8 9 9 8 7
24 23 23 23 23 22 21 22 23 23 25 24 24 18 15 20 22 22 23 22 22 22 20 21 21 19 19 19 17 17 18 20 20 19 18 18 17 16 15 14 14 15 14 15 14 13 13 12 13 13 14 14 14 15 16 15 15 15 13 12 12 11 11 11 11 10 11 11 10 10 10 10 9 9 9 10 9 8 8 7 8 7 7
26 25 23 23 23 23 22 22 22 25 24 25 24 20 21 24 22 22 22 20 20 19 19 19 19 19 18 17 16 17 19 20 17 20 20 18 17 15 15 16 14 14 14 13 14 14 14 13 14 15 15 14 14 14 13 13 16 14 14 13 12 13 11 13 12 11 11 10 9 10 10 9 10 11 9 10 9 9 8 8 9 8 7
27 25 24 23 23 23 22 23 22 23 24 25 24 25 24 23 22 21 21 20 19 19 19 18 18 17 19 18 16 17 19 21 17 18 20 18 19 17 17 18 16 14 13 13 13 14 12 11 12 15 15 13 12 14 12 12 15 14 11 14 13 13 13 12 13 13 12 10 10 9 9 10 8 11 11 10 10 9 8 6 9 8 7
34 28 25 26 25 24 24 23 22 22 25 23 24 25 23 22 22 20 19 19 19 18 19 18 17 17 17 17 16 17 19 19 17 19 20 20 17 17 17 15 16 14 14 14 13 15 13 12 12 13 11 11 11 14 14 14 13 14 14 14 12 12 13 13 13 11 12 11 10 10 10 10 11 11 12 10 10 10 8 9 9 8 8
34 34 26 26 25 25 25 25 22 22 24 24 24 23 22 21 21 20 19 19 18 18 18 18 17 16 17 17 16 16 18 19 17 18 16 18 19 18 18 16 14 14 15 14 13 14 14 13 12 12 9 9 10 13 13 11 12 13 13 13 13 12 14 12 12 10 11 10 11 10 10 11 11 11 11 11 10 10 8 9 8 8 8
35 55 38 28 28 27 27 25 24 22 22 22 23 22 22 21 20 19 18 18 19 18 17 17 17 17 17 16 16 16 16 17 18 17 19 15 19 18 19 17 15 15 17 16 15 13 14 14 13 11 6 11 13 14 12 11 11 12 11 12 13 13 12 13 12 12 12 12 12 11 11 10 11 11 11 11 12 10 10 9 9 7 7
51 33 31 39 30 28 27 25 25 23 21 21 22 21 22 21 20 19 19 18 18 17 17 17 18 18 16 17 16 15 15 17 16 17 18 13 16 17 18 18 17 16 16 15 15 15 15 14 14 12 11 13 14 14 12 10 9 11 10 13 12 13 12 10 12 11 11 12 10 11 11 11 11 10 11 11 11 10 10 10 10 8 5
133 57 32 30 30 42 35 27 28 27 26 23 20 20 20 20 20 19 19 18 18 18 18 17 18 17 17 16 16 15 15 16 15 16 16 18 17 19 16 17 17 16 15 15 15 14 14 15 14 14 14 13 13 11 12 10 6 9 10 11 10 12 14 11 13 12 11 12 12 12 13 12 12 11 11 11 11 10 11 11 11 9 7
74 64 34 32 31 50 40 31 31 30 26 23 21 20 20 19 19 19 19 19 19 18 18 18 17 17 16 16 16 16 15 14 14 15 14 15 15 17 20 17 19 18 16 16 16 15 13 14 13 13 14 12 12 11 11 10 5 9 7 8 10 12 13 12 12 11 10 11 11 12 13 13 11 10 10 8 10 12 10 10 11 10 8
63 47 36 34 32 32 35 33 34 41 35 26 28 27 24 24 21 19 19 18 18 18 18 17 18 17 16 16 16 16 15 15 15 15 14 14 14 15 18 19 16 17 17 15 14 15 14 12 11 12 15 14 12 11 10 10 7 5 7 9 9 12 12 12 12 10 11 10 11 13 11 11 10 9 10 9 7 10 9 8 10 11 10
99 42 37 35 33 34 34 37 41 74 41 33 40 57 44 29 26 23 19 18 18 18 17 18 17 16 16 16 31 17 16 15 15 15 15 14 14 16 17 18 17 15 17 16 14 16 15 13 12 12 11 13 14 13 12 12 9 8 6 10 11 12 12 13 12 12 10 10 10 12 10 10 11 10 10 9 9 10 7 8 9 10 11
78 46 39 36 35 36 37 40 49 84 54 75 116 167 75 35 30 27 24 21 20 19 18 17 22 32 18 16 17 15 21 15 15 14 15 14 14 15 14 15 17 17 19 18 17 17 15 14 13 13 11 12 13 12 12 12 10 10 10 9 9 12 13 12 12 11 9 10 9 12 12 10 10 10 9 10 9 8 7 8 9 9 9
50 93 95 46 37 37 41 43 45 52 77 86 128 218 104 45 36 32 27 25 24 22 18 17 18 41 34 24 18 16 15 15 15 15 15 15 13 14 14 13 16 16 16 15 16 18 15 13 12 12 13 12 13 13 11 11 11 9 9 9 10 11 12 11 12 12 10 10 11 11 12 11 10 9 11 9 8 7 8 8 9 8 9
58 88 122 89 42 38 43 44 49 52 61 78 109 153 125 90 41 51 36 29 27 24 20 17 17 18 31 88 25 15 16 15 15 15 16 14 14 13 14 14 17 17 17 17 15 16 16 14 12 13 13 13 12 10 11 11 12 10 10 8 9 11 11 10 10 10 11 9 11 10 10 8 8 9 8 9 7 7 7 7 8 7 9
54 57 75 62 43 40 52 49 51 53 58 66 71 86 153 98 85 113 52 34 33 28 25 21 17 16 16 22 19 14 15 15 15 16 14 14 14 13 14 16 16 17 16 15 16 15 15 16 14 13 13 16 13 14 13 13 13 13 11 9 5 10 11 10 9 7 8 10 10 10 7 6 7 8 9 10 8 6 7 7 7 6 8
57 58 54 57 47 47 61 59 60 58 62 64 69 90 131 149 178 111 58 50 120 45 30 25 23 18 15 15 15 15 15 15 14 15 14 14 14 14 14 15 16 13 15 13 17 14 15 15 14 15 15 18 16 15 13 13 13 13 10 8 8 9 11 10 10 8 10 11 11 10 8 9 8 7 9 9 9 7 7 7 6 7 8
56 52 54 55 47 47 52 59 59 63 71 74 79 128 134 179 186 80 46 71 142 64 48 32 27 22 17 15 15 16 15 15 14 14 15 14 13 13 12 14 14 13 14 12 14 15 14 16 16 14 15 16 16 15 15 14 13 11 10 10 10 9 9 9 9 9 8 9 8 8 10 8 7 5 6 9 9 8 8 7 7 6 8
52 50 50 46 45 54 50 56 59 62 67 64 69 78 73 106 137 74 48 75 155 157 74 56 37 25 17 16 15 15 15 14 14 14 16 14 13 14 13 13 13 13 15 12 14 12 13 15 15 17 12 16 14 15 17 14 12 12 10 9 9 9 8 9 7 11 11 10 7 8 9 9 8 6 4 8 9 8 8 8 8 8 7
55 51 50 47 47 81 74 53 56 53 55 59 64 65 72 109 86 54 54 113 141 161 133 107 122 34 20 17 15 15 15 14 14 14 20 14 13 14 13 12 12 14 12 13 12 12 14 14 15 14 14 15 16 15 16 16 13 12 11 10 10 10 9 9 10 11 10 10 9 10 10 9 7 7 6 7 8 9 8 7 8 6 7
54 55 53 50 49 63 64 53 48 50 58 58 54 55 56 57 50 50 58 77 98 122 116 129 77 39 30 16 14 14 14 15 13 13 15 29 15 13 13 13 12 13 12 12 13 11 12 14 15 13 13 15 15 16 15 16 15 11 12 12 11 11 9 8 11 11 10 7 7 8 10 8 6 4 7 7 7 9 9 7 6 6 6
53 55 54 56 54 55 52 48 45 46 54 53 49 49 47 46 45 55 56 52 56 57 62 83 33 26 20 16 15 15 14 14 14 14 14 19 17 13 13 13 12 11 11 11 11 11 12 12 12 16 15 13 14 14 15 15 15 14 12 12 11 10 9 9 11 9 10 8 8 8 9 6 2 6 7 8 7 8 9 8 7 6 5
51 53 52 56 58 58 56 51 45 42 46 47 44 45 44 42 41 52 52 45 45 43 42 37 30 24 19 16 14 14 14 14 13 13 13 12 14 12 12 14 12 11 11 10 11 11 11 12 14 15 14 12 12 15 11 16 14 13 14 12 11 10 9 10 11 8 8 9 9 7 8 8 7 6 4 7 6 7 6 8 7 8 6
50 50 51 56 59 61 56 49 45 42 42 40 40 40 39 38 38 40 43 40 37 36 36 32 28 26 23 16 13 14 14 13 14 12 12 13 13 13 12 12 13 11 11 11 10 10 11 13 13 13 14 13 14 14 11 16 15 13 14 12 11 10 12 12 10 10 10 9 8 9 8 6 6 5 5 7 7 6 7 8 8 9 6
51 49 50 55 60 63 59 54 47 42 39 38 36 36 36 35 35 34 34 34 33 31 30 28 30 34 66 21 14 13 14 13 14 13 13 13 12 13 14 12 12 11 11 11 10 11 11 13 10 10 14 13 14 15 12 15 15 15 14 12 13 12 11 10 10 9 8 9 8 7 10 6 1 3 7 8 8 7 7 7 7 7 8
50 51 52 54 59 62 61 59 50 42 37 36 35 34 34 33 33 31 30 29 30 29 27 26 33 55 56 21 15 13 14 13 13 12 12 12 12 14 11 11 11 10 12 11 11 10 10 9 9 12 13 13 13 13 14 16 17 16 14 14 13 13 10 8 10 10 8 9 7 8 7 7 6 6 7 7 5 7 6 5 6 7 7
51 48 53 56 56 56 57 53 48 42 37 36 35 33 31 31 31 30 27 26 25 27 25 24 27 42 32 20 14 13 12 13 13 12 12 11 12 13 12 11 12 12 11 10 11 10 10 10 11 12 11 12 13 12 14 15 12 16 14 14 11 13 11 9 10 12 10 8 7 8 4 6 8 8 8 6 1 7 5 5 6 5 5
52 51 60 56 50 55 54 54 47 42 37 36 36 35 32 31 31 31 29 27 24 27 23 22 22 29 32 23 14 13 13 12 14 12 11 11 11 12 12 12 11 11 12 11 10 10 10 10 12 11 11 11 11 14 13 15 13 14 13 12 9 13 12 10 9 9 9 9 10 9 9 5 7 8 7 6 5 6 5 2 5 5 6
54 79 66 56 47 49 50 50 42 38 35 36 36 35 34 31 31 31 30 28 24 23 23 20 19 19 21 17 14 13 13 13 12 12 12 11 11 11 11 11 11 10 11 10 10 9 9 11 13 10 11 12 12 12 14 14 15 14 13 11 9 12 12 12 11 11 10 9 9 9 8 4 9 7 6 2 7 7 7 6 7 7 7
