work/..work/ls/ThaiDEM500_0000400000_0011200000.zip/ThaiDEM500_0000400000_0011200000.asc
ncols 800
nrows 800
xllcenter 400250.000000
yllcenter 1200250.000000
cellsize 500.000000
nodata_value -9999
[rows 37 to 73 of 800, columns 332 to 414 of 800]
72 66 63 59 54 52 51 50 46 44 43 43 59 53 50 48 46 41 37 45 46 31 28 26 25 24 23 22 23 20 19 18 17 16 15 14 14 13 12 12 11 11 11 11 12 10 10 10 9 9 11 9 17 9 9 10 9 7 7 5 5 5 4 5 5 5 5 5 6 4 4 3 4 4 5 5 4 4 5 4 4 8 6
72 66 62 58 56 54 59 56 46 45 42 40 42 44 43 41 39 36 34 32 30 29 28 27 25 25 24 23 23 22 19 17 17 15 15 13 14 12 12 12 11 13 12 12 10 9 9 11 11 10 12 12 11 9 9 9 6 8 7 7 5 5 4 4 4 4 5 5 5 5 4 4 4 5 6 5 4 4 4 4 4 7 6
72 69 65 61 59 59 60 55 51 54 45 42 41 39 38 37 36 34 33 31 30 30 28 27 26 25 24 22 21 20 19 17 17 15 14 13 12 13 12 12 11 12 11 11 11 9 9 9 11 11 10 9 10 9 9 8 7 7 8 8 9 7 5 5 5 4 4 4 5 4 4 4 5 4 6 5 4 4 4 3 4 7 6
79 79 70 66 67 73 68 57 59 83 81 56 56 60 42 38 36 34 33 32 31 30 28 27 26 25 24 22 21 20 19 18 16 15 14 13 12 11 12 11 10 12 13 11 12 10 10 12 11 9 9 8 8 9 10 9 9 8 8 9 9 8 5 5 5 4 4 4 5 4 4 4 5 4 5 4 5 5 5 3 5 8 6
104 84 73 70 80 98 73 64 60 74 105 126 138 83 71 41 35 35 34 32 31 30 29 27 26 25 23 22 21 20 18 17 16 15 15 14 13 13 10 10 10 11 12 12 12 10 11 11 12 10 9 9 8 10 11 10 9 8 8 7 8 8 6 4 4 4 5 5 5 5 5 5 4 5 5 5 5 4 4 4 5 6 8
92 84 82 77 80 80 72 65 60 69 79 87 92 96 56 39 35 35 35 33 30 29 29 27 25 25 23 23 21 20 19 17 17 17 14 13 12 11 11 10 11 11 11 11 12 10 11 12 11 11 11 8 9 10 11 11 9 8 9 8 6 7 5 5 5 5 5 5 5 5 5 5 5 4 5 5 5 5 5 6 6 7 8
83 80 86 79 71 66 65 60 55 74 102 57 58 57 46 39 36 61 74 36 30 29 28 27 25 24 25 22 22 21 19 18 18 18 16 13 12 12 11 10 11 10 9 11 12 12 12 11 12 11 11 10 10 11 10 10 10 9 9 8 7 6 6 5 6 5 5 5 5 5 4 5 5 5 5 5 5 5 6 6 5 6 5
73 71 73 76 68 61 59 57 55 56 63 53 49 45 42 39 38 87 75 38 30 29 28 27 25 26 58 26 21 19 18 17 23 36 15 13 13 12 11 12 11 10 10 11 12 12 12 12 13 13 12 12 11 11 10 9 9 9 9 9 9 7 8 6 7 9 7 6 5 4 5 5 4 5 5 5 5 6 5 5 5 6 5
71 69 66 65 64 61 58 61 54 50 49 48 46 45 42 39 39 65 44 34 31 28 27 26 24 27 40 27 21 20 19 16 16 16 14 13 13 12 13 17 18 12 12 12 13 12 13 13 12 11 11 11 10 10 9 9 8 9 8 8 8 7 6 6 8 9 8 7 6 4 5 5 6 6 5 6 7 7 6 5 5 5 6
75 72 69 65 63 61 58 57 56 54 48 47 45 43 41 40 44 45 40 37 35 29 26 26 27 31 41 27 21 19 18 17 16 15 13 13 12 12 16 52 103 15 12 13 14 14 13 12 11 10 11 11 10 9 9 8 7 8 8 9 9 7 6 6 7 7 6 6 6 6 5 5 7 8 9 8 9 6 6 5 5 6 6
79 74 70 67 63 60 58 54 54 56 50 47 46 42 42 45 59 59 49 43 38 30 27 30 32 34 40 30 23 18 16 16 15 14 13 12 12 13 15 33 83 16 11 12 15 15 13 11 10 9 9 10 10 8 8 8 7 9 9 9 8 8 8 7 7 7 7 7 6 7 6 6 6 9 10 10 7 6 5 5 5 5 6
80 76 71 67 65 61 57 54 52 50 49 46 45 43 45 52 66 108 56 44 36 30 29 34 38 45 49 30 24 19 15 15 15 14 13 13 13 13 17 26 29 13 11 13 12 12 11 11 11 11 11 11 9 8 8 8 8 8 8 9 8 8 7 8 8 8 7 8 8 8 7 7 7 8 8 8 7 6 5 5 5 5 7
86 77 73 70 66 63 58 54 51 50 48 47 48 45 46 53 65 116 54 44 36 32 32 38 44 107 74 32 24 19 15 15 14 13 13 11 12 13 15 28 35 12 10 10 14 13 11 11 10 11 11 11 10 10 9 8 8 8 9 10 9 8 8 7 9 9 9 8 9 8 10 8 8 8 8 8 8 6 6 5 6 6 6
94 83 79 75 68 65 62 55 49 49 47 62 60 50 48 54 75 60 53 46 40 38 37 40 48 118 107 33 25 18 14 14 14 13 13 12 11 12 11 12 13 12 11 10 13 13 12 12 11 10 11 9 9 9 9 9 9 7 8 8 8 9 8 8 8 9 10 9 9 8 9 9 7 8 7 8 8 6 6 5 6 6 6
96 86 80 76 71 67 61 54 52 48 53 71 69 52 49 50 53 52 51 47 42 41 40 42 49 64 103 40 24 16 14 14 13 12 11 11 11 12 13 10 13 12 12 12 13 12 12 11 12 11 10 10 9 9 9 8 7 8 8 8 8 8 9 8 9 9 7 8 9 8 9 9 8 7 7 8 7 7 6 6 5 5 6
101 89 98 81 69 63 59 54 55 51 55 72 63 56 54 47 43 45 45 44 38 38 38 38 44 45 48 31 22 15 12 12 13 13 12 11 11 12 14 12 14 13 13 12 13 12 12 10 11 11 11 9 10 10 10 9 9 9 9 8 9 8 9 8 9 9 9 9 8 9 8 7 7 7 8 8 8 8 7 6 6 6 8
100 95 128 98 70 64 58 56 52 50 54 62 64 63 83 65 39 39 42 40 33 34 32 35 38 36 34 26 21 15 12 11 14 12 12 12 13 14 13 15 13 11 11 12 30 23 12 10 10 11 10 10 10 11 9 9 9 9 9 8 8 8 8 8 8 9 8 7 7 7 7 7 6 8 9 9 8 9 10 8 6 6 8
93 96 116 83 71 64 61 59 54 51 51 56 64 73 120 56 38 34 38 38 32 28 30 33 33 32 31 26 19 15 12 12 13 11 11 12 13 14 13 13 13 11 11 12 21 20 11 10 10 11 11 11 11 12 10 9 9 9 9 9 9 8 8 8 9 8 7 6 6 7 7 7 7 8 8 8 8 8 9 9 7 7 6
77 84 107 81 69 64 66 64 57 54 56 62 62 75 109 49 39 31 31 34 30 25 26 29 27 28 33 25 17 13 11 12 13 11 10 11 14 13 12 11 11 10 13 11 12 11 11 11 9 11 11 11 11 13 11 10 9 9 10 11 10 9 8 8 10 8 8 7 7 8 8 8 9 7 6 6 6 6 7 8 7 7 5
71 76 87 82 73 71 66 63 60 56 59 68 64 66 72 49 39 32 27 27 25 24 23 24 24 22 22 20 13 12 11 11 13 11 11 12 12 14 12 11 10 11 32 18 12 11 11 10 10 10 12 11 12 13 12 11 11 11 10 11 11 10 10 9 8 8 8 7 8 8 7 6 8 7 6 6 6 6 6 6 6 6 5
68 68 72 82 88 84 75 67 64 60 59 65 62 54 51 44 38 33 28 23 25 21 20 24 23 19 15 14 12 12 11 11 14 13 13 12 12 14 12 12 11 11 18 15 12 11 11 9 9 11 11 12 13 12 10 11 12 11 11 11 10 11 9 9 8 8 7 9 9 7 6 6 7 7 6 6 6 6 6 6 5 5 6
63 64 72 97 162 140 102 72 64 59 55 57 60 63 48 41 35 30 26 22 22 19 18 21 21 17 12 11 12 12 11 12 13 14 13 12 13 14 13 13 13 13 12 13 12 11 11 10 10 11 10 12 12 12 12 13 11 11 10 10 10 9 9 8 8 8 7 8 7 7 5 6 6 7 6 6 6 6 6 5 5 5 7
61 62 71 88 176 220 107 78 68 60 54 49 82 60 45 42 39 32 28 24 19 18 16 18 17 13 11 12 13 12 13 14 12 13 13 11 12 13 13 14 13 12 13 13 12 11 12 11 12 11 11 13 13 13 13 12 12 11 10 9 9 10 9 8 8 8 8 8 7 6 6 7 7 6 6 6 6 5 6 6 7 8 6
59 61 66 72 88 115 102 82 72 68 58 46 51 42 38 39 39 36 28 26 21 17 16 16 16 13 11 12 13 14 15 14 11 14 13 13 13 14 14 13 13 15 14 14 11 12 12 12 13 13 13 12 13 12 13 13 13 12 11 10 10 10 9 9 8 8 7 6 6 7 7 7 6 4 5 6 7 5 4 6 8 7 5
57 58 64 66 72 71 77 66 59 61 57 47 42 38 34 32 32 32 27 22 19 17 15 14 17 14 12 11 13 13 14 13 12 10 11 12 12 13 14 14 14 19 15 15 13 14 14 12 13 14 14 13 12 11 13 12 12 13 10 10 9 9 9 9 8 8 7 6 6 8 8 5 5 5 5 6 5 5 6 7 7 6 5
55 55 59 62 65 61 57 54 53 49 57 53 48 39 34 30 27 25 22 20 18 16 15 14 16 16 14 12 12 14 14 13 12 11 11 13 13 13 15 15 16 21 15 16 14 15 14 15 14 15 14 13 12 12 11 11 10 12 11 10 8 8 7 8 9 8 8 8 7 9 9 5 5 5 5 6 4 5 5 5 7 6 5
54 57 57 58 58 58 61 57 50 46 47 50 43 38 34 30 26 23 22 19 18 16 15 13 12 12 13 13 13 13 14 14 13 11 12 13 15 16 15 15 16 16 16 15 14 14 13 13 14 13 13 13 14 12 11 10 10 11 10 9 8 8 8 8 8 8 8 8 8 9 9 7 5 5 7 6 5 5 7 7 8 6 6
52 53 51 53 55 60 68 68 56 48 44 55 47 36 31 28 26 25 22 20 18 16 16 14 13 12 12 13 13 14 16 15 13 12 13 14 15 15 16 16 16 16 15 14 13 12 13 12 12 13 13 13 13 13 11 10 10 10 9 10 8 8 8 8 8 8 8 9 9 9 8 7 7 8 6 6 7 7 7 8 7 6 6
49 49 51 54 58 63 72 78 64 51 44 41 41 34 31 29 30 30 26 23 17 15 15 13 12 13 12 13 13 12 14 14 13 14 15 14 14 14 16 15 15 15 14 13 12 12 12 12 12 13 13 12 12 13 12 11 10 9 9 9 8 9 8 8 8 8 8 8 8 8 7 7 7 6 7 7 8 8 7 6 8 6 6
46 50 54 56 59 66 78 130 110 58 50 43 37 34 32 35 38 34 28 22 19 17 14 12 13 12 12 12 12 12 13 15 14 14 14 14 13 15 16 19 14 14 12 13 13 14 13 12 12 12 11 11 12 12 11 11 12 10 9 9 8 9 9 9 8 8 7 8 8 8 8 7 7 7 7 8 10 8 7 8 7 6 7
49 51 53 55 60 67 82 143 99 67 56 48 45 42 40 42 42 37 32 26 20 16 13 13 12 14 13 13 13 12 12 13 13 13 13 14 13 14 16 16 14 14 13 13 13 12 12 12 12 12 12 12 11 12 11 10 9 9 9 9 9 9 9 8 8 7 8 8 7 8 8 8 6 8 9 8 9 7 6 8 7 6 8
46 45 49 54 61 67 83 166 125 66 59 55 52 47 46 47 43 36 31 27 22 15 13 12 12 14 13 13 12 12 13 12 13 13 13 13 14 14 16 15 13 13 13 14 13 13 13 12 13 13 13 11 12 11 11 11 10 10 10 9 9 8 9 8 9 9 9 8 7 8 8 7 7 8 8 8 7 7 7 7 8 7 8
42 44 50 53 59 69 82 149 144 64 53 48 50 48 45 45 42 35 27 22 21 15 13 13 13 13 13 13 12 13 12 13 14 14 13 14 14 15 16 15 13 13 14 15 14 14 14 13 14 13 12 11 11 11 12 11 11 10 9 9 9 8 9 9 10 9 8 8 8 8 7 8 8 9 8 7 8 8 8 7 10 6 7
41 47 50 50 59 71 77 123 105 68 54 44 40 41 41 38 39 33 24 19 17 14 13 12 13 14 13 13 14 14 14 13 14 15 14 15 16 17 15 14 13 14 15 15 14 15 15 15 14 13 12 11 11 11 11 11 10 10 10 10 10 10 9 9 9 9 9 9 8 8 7 9 8 8 8 8 9 8 7 7 8 8 7
40 45 44 49 56 61 67 101 92 67 58 50 40 33 34 32 37 33 26 20 16 13 13 13 13 13 14 13 13 15 13 14 15 15 15 16 17 16 14 13 13 14 15 15 16 16 15 14 13 13 12 12 11 11 11 10 11 11 10 9 9 9 9 9 9 8 10 10 8 9 8 9 9 8 8 9 8 8 8 8 8 8 8
39 42 42 47 51 54 60 70 84 70 59 52 44 37 31 26 28 27 22 19 14 14 14 14 13 14 13 13 13 14 13 14 15 15 17 18 17 15 15 14 14 14 16 16 15 15 15 15 15 14 13 11 11 11 10 11 11 10 10 9 9 9 9 10 10 10 10 10 10 8 10 9 8 10 9 8 8 7 7 7 8 8 7
38 38 38 43 46 47 53 72 68 66 56 48 42 38 33 25 22 21 20 17 15 14 14 14 14 14 14 14 13 13 14 13 14 15 16 17 18 16 16 15 15 15 16 15 14 16 15 15 15 13 13 12 11 11 11 11 11 10 9 9 10 9 8 8 8 8 10 10 10 10 10 10 9 10 8 8 8 8 6 7 8 7 7
