work/..work/ls/ThaiDEM500_0000400000_0011200000.zip/ThaiDEM500_0000400000_0011200000.asc
ncols 800
nrows 800
xllcenter 400250.000000
yllcenter 1200250.000000
cellsize 500.000000
nodata_value -9999
[rows 37 to 73 of 800, columns 166 to 248 of 800]
372 333 341 316 206 187 179 183 187 163 143 140 154 200 279 420 355 168 113 238 381 294 281 416 488 386 289 194 151 153 78 157 174 169 228 397 489 470 401 410 553 516 529 548 498 448 441 486 647 754 694 715 718 744 795 810 797 795 801 767 731 759 785 744 707 680 677 697 737 704 690 613 517 433 441 573 457 177 63 64 66 143 289
389 382 396 373 238 208 200 199 208 177 158 141 150 160 188 337 438 322 150 147 254 301 217 299 321 345 267 147 118 174 116 108 149 151 169 300 425 419 418 426 500 528 478 482 443 483 442 484 604 687 730 740 677 712 764 762 803 782 775 777 770 743 705 617 653 713 648 683 719 685 672 698 557 454 416 555 519 238 70 70 69 83 210
423 374 320 284 257 225 206 209 241 202 163 146 137 142 150 205 282 409 316 143 146 197 178 176 213 295 263 127 94 127 111 147 117 138 140 167 327 403 369 427 454 497 510 544 547 566 476 470 611 721 690 754 733 711 694 760 816 827 795 772 768 815 777 623 562 608 636 616 690 646 669 725 660 509 420 468 525 258 81 68 70 85 122
409 440 410 360 310 279 231 307 294 246 188 153 132 128 132 142 178 301 368 275 166 151 174 172 174 216 276 209 163 84 115 220 159 103 122 130 190 313 332 297 367 452 529 547 622 622 533 446 519 593 530 544 690 713 705 699 711 793 831 836 801 803 784 712 560 512 504 516 609 579 610 636 709 543 467 374 344 232 109 77 72 94 114
338 402 413 441 360 303 283 417 491 364 252 206 146 133 124 124 132 183 222 212 113 129 196 266 205 185 216 249 211 129 212 229 237 121 106 124 133 178 232 248 262 343 429 508 590 601 484 459 482 546 468 472 506 733 720 714 653 643 714 814 862 865 775 717 674 648 547 533 479 493 508 509 605 583 473 464 402 366 162 143 74 72 96
274 283 319 380 350 319 336 379 426 402 403 242 173 148 138 140 114 117 104 104 128 139 191 316 297 241 215 173 153 138 238 182 216 185 83 101 131 156 212 229 235 247 374 478 531 582 606 495 487 403 417 430 450 662 713 706 626 612 666 737 802 883 853 877 825 748 710 671 565 499 467 418 434 488 345 390 401 385 173 100 134 83 72
291 277 266 311 245 246 259 268 260 257 375 361 210 176 141 129 117 105 103 103 133 161 197 269 390 352 307 252 186 127 189 177 159 178 111 68 108 138 183 224 231 228 286 439 482 537 574 546 418 362 357 418 454 686 715 613 523 577 682 618 589 675 642 667 778 836 806 778 708 625 617 532 508 413 308 295 238 249 133 144 166 91 63
298 299 292 240 310 350 252 247 220 211 252 286 262 215 175 130 115 115 108 104 132 161 192 251 409 459 361 305 227 140 111 128 120 135 106 69 82 125 159 184 203 214 249 408 439 473 520 552 426 315 352 462 483 611 707 640 532 447 478 520 563 626 550 519 605 704 761 826 776 750 756 646 524 409 419 454 349 356 360 354 205 106 63
297 272 263 285 324 293 288 309 249 203 204 201 184 204 213 138 129 122 105 105 116 140 168 211 356 505 411 289 222 167 108 92 85 86 99 94 73 96 141 155 171 195 264 395 397 498 544 509 439 309 333 385 425 537 654 647 481 452 409 386 451 604 562 474 462 570 528 630 695 819 804 689 549 422 385 335 303 358 402 393 197 96 60
265 268 290 286 294 261 246 300 322 227 223 206 195 160 159 159 193 134 107 112 109 124 142 197 339 443 460 340 259 166 150 159 108 90 72 79 140 77 100 140 157 180 221 384 415 428 456 484 372 290 318 405 536 581 560 596 459 378 381 369 323 401 438 455 353 467 401 378 555 732 783 777 691 526 405 245 179 155 146 200 247 95 62
238 247 279 279 262 237 233 208 235 230 201 214 289 217 172 166 174 148 108 108 118 124 143 184 269 362 484 434 351 215 239 243 135 127 79 68 70 69 67 100 130 165 193 251 346 358 404 436 292 270 317 358 455 533 512 579 532 357 337 355 276 258 291 282 312 335 348 300 379 547 654 771 764 642 449 277 201 152 112 98 134 194 64
228 211 220 249 247 221 214 215 206 185 191 195 269 318 267 175 136 136 125 112 116 126 145 180 240 401 435 494 386 304 212 216 135 85 78 68 63 66 64 80 124 162 190 212 312 355 408 377 274 310 339 339 374 465 408 462 587 528 361 328 330 253 221 215 222 236 274 293 255 360 460 641 700 643 555 420 258 229 137 91 80 105 68
238 216 200 201 249 233 187 180 183 185 164 175 217 289 267 274 165 124 119 116 120 126 143 177 229 310 399 472 454 465 340 239 149 112 83 68 63 64 62 71 108 150 184 189 199 260 394 283 389 355 416 336 346 357 386 434 557 615 450 309 321 289 231 201 189 180 185 205 220 197 293 396 548 537 647 517 304 173 122 100 75 67 60
277 242 212 188 188 195 181 164 169 160 158 159 212 258 223 214 148 202 189 148 130 115 133 169 204 333 454 553 534 486 526 416 232 188 200 83 68 61 60 61 67 111 162 174 180 176 201 198 305 363 449 435 361 351 342 367 433 518 439 391 296 269 236 223 202 174 161 164 160 155 201 198 258 389 540 574 445 271 126 99 77 63 62
354 236 215 192 178 169 167 169 158 148 149 158 172 181 142 151 171 233 293 231 158 119 130 146 192 344 493 546 524 491 551 560 331 218 218 178 86 71 69 64 68 73 88 111 113 125 141 159 167 301 402 462 450 322 312 323 356 390 407 439 411 405 308 247 214 184 164 153 142 137 139 140 148 198 389 456 356 358 203 105 78 67 62
320 253 196 192 184 177 185 173 161 162 167 147 141 143 157 202 281 270 404 330 215 142 124 130 193 308 395 506 623 512 576 556 509 346 196 150 117 139 100 67 60 64 66 73 83 98 113 121 136 217 328 435 432 354 278 306 316 381 447 425 511 582 432 311 233 205 173 158 146 149 141 126 123 134 233 344 264 226 270 177 144 81 80
228 230 241 218 207 195 192 176 162 172 170 163 148 142 191 189 242 336 420 381 285 202 124 140 190 290 344 464 619 625 593 566 500 515 289 175 138 104 107 92 69 64 63 64 69 74 87 99 108 115 170 308 397 338 212 228 289 321 352 374 484 647 606 446 285 220 182 157 143 163 178 152 118 108 119 165 251 146 150 227 116 88 102
282 304 313 275 248 214 189 175 168 181 187 165 151 173 167 200 258 307 297 317 379 248 146 128 143 224 294 392 515 560 624 687 563 503 459 366 261 127 133 231 133 83 62 61 61 67 86 80 84 88 107 149 188 165 150 169 208 243 312 324 323 414 495 503 373 238 170 153 140 137 157 175 156 116 103 103 128 138 96 144 122 94 57
309 365 392 326 277 251 200 177 177 183 171 158 157 167 175 197 218 259 234 227 237 256 162 161 134 143 223 299 392 437 506 710 664 561 537 450 452 228 132 152 240 228 120 77 61 60 60 69 74 75 78 97 94 106 111 119 144 247 219 221 188 210 232 276 260 204 157 146 142 136 130 127 135 123 109 115 89 85 80 80 98 68 57
311 286 327 290 210 209 194 185 225 200 181 167 163 158 176 198 223 252 215 200 205 165 158 203 155 135 156 193 252 389 412 529 674 596 561 547 489 369 248 155 132 208 185 141 66 62 59 64 68 68 72 80 85 92 97 105 113 134 161 146 144 153 160 168 174 171 162 164 175 172 145 132 126 122 118 127 123 89 74 71 64 60 54
296 264 254 239 340 297 208 226 221 213 194 178 173 168 168 193 224 259 216 181 189 209 182 164 183 138 142 159 178 249 286 402 576 679 630 593 599 469 431 242 121 105 110 111 70 57 58 65 67 65 68 75 80 83 87 90 93 99 111 118 123 133 138 162 228 259 281 318 341 312 237 171 138 129 123 117 110 119 93 73 63 57 55
253 254 280 295 437 379 249 296 265 197 189 192 183 177 171 192 215 269 219 198 209 243 237 163 157 153 137 147 164 188 230 324 503 596 737 696 627 545 506 318 138 104 92 86 72 57 55 63 65 62 62 66 70 74 78 79 81 92 100 118 109 114 130 342 517 603 654 659 664 577 456 304 176 148 134 124 114 107 102 89 76 70 60
253 312 370 420 411 384 254 325 348 233 207 208 195 183 176 183 200 236 241 223 248 245 229 210 151 154 148 143 166 176 212 284 462 533 637 792 707 580 471 388 174 110 91 93 83 66 58 57 59 62 61 64 66 67 71 72 78 85 92 95 100 108 146 358 465 601 710 725 723 677 614 489 342 275 217 151 129 121 111 101 95 85 78
294 364 441 465 352 281 275 382 361 301 239 225 208 219 191 190 199 230 236 225 243 268 262 208 256 159 164 145 155 161 199 235 341 432 511 568 594 612 519 440 231 123 113 99 102 84 70 62 62 59 60 59 60 63 65 68 72 78 85 89 95 99 114 210 314 544 636 662 630 608 554 540 565 525 449 268 163 137 119 107 105 99 90
337 374 470 396 347 291 342 404 495 411 287 263 330 286 232 202 204 209 218 205 196 200 212 249 223 168 194 162 148 157 179 206 266 338 451 474 515 579 471 347 212 150 192 115 88 91 82 63 58 59 60 60 56 58 62 66 70 76 80 86 92 101 114 142 236 515 589 587 566 478 477 527 590 607 563 542 394 292 192 127 115 109 102
375 435 482 518 400 353 472 533 506 387 425 314 350 312 252 221 219 214 210 204 200 180 194 197 219 199 275 183 151 158 176 195 233 274 363 450 548 719 555 408 221 133 211 174 92 75 69 60 64 55 57 58 57 58 62 69 73 78 83 88 98 109 120 137 228 455 545 513 458 448 509 526 578 623 608 578 533 515 432 245 147 123 114
351 483 594 615 458 455 565 619 540 539 461 395 404 342 314 249 230 221 207 198 192 186 190 183 163 178 255 207 155 161 185 192 210 242 275 350 353 469 523 423 269 144 121 156 112 80 69 61 65 78 62 59 57 58 63 71 74 81 87 91 102 112 125 145 183 368 436 401 440 510 558 559 576 649 631 595 567 532 523 417 213 144 144
341 408 594 709 502 545 674 712 599 617 581 554 436 349 314 279 244 225 208 197 188 186 188 187 172 166 200 199 171 160 173 180 188 210 223 244 263 267 347 439 212 185 128 100 92 83 73 70 73 73 62 58 58 61 64 73 80 85 92 97 101 112 130 157 198 300 351 390 450 506 544 545 536 562 609 626 565 502 370 285 174 160 265
386 403 585 726 601 632 757 769 640 610 574 567 600 438 414 289 241 225 213 198 193 182 179 178 175 167 187 220 189 169 198 202 216 213 224 218 235 236 265 335 210 294 205 114 103 91 84 77 85 84 61 54 59 59 63 72 76 81 92 103 108 115 130 157 240 304 369 421 441 506 520 536 534 551 559 590 593 583 360 265 200 218 328
486 455 512 662 652 667 797 784 609 549 422 435 583 492 418 350 266 223 212 203 194 188 178 174 172 168 171 176 180 169 193 195 209 236 253 249 219 234 287 237 197 266 276 158 122 106 97 99 80 86 73 61 58 60 60 67 69 77 87 101 115 125 130 155 212 250 358 433 426 468 518 506 514 525 524 540 547 504 404 305 361 387 467
592 519 484 586 704 690 824 796 711 641 475 372 375 364 378 356 283 229 208 201 191 185 183 179 175 174 180 178 169 179 186 188 201 212 251 286 259 250 241 215 191 186 210 227 147 117 98 91 75 67 62 60 57 60 59 66 93 98 111 120 136 133 140 141 164 246 343 445 508 430 514 496 518 502 475 497 507 481 437 413 562 549 504
637 620 525 615 726 741 826 749 717 587 432 331 309 291 284 273 268 216 219 201 202 202 194 187 183 183 186 175 175 209 225 212 203 231 289 298 306 307 277 262 293 348 284 275 220 133 102 92 86 72 66 63 56 61 59 60 129 180 201 176 182 170 151 150 160 218 327 451 485 443 472 517 519 488 485 479 523 501 473 461 509 542 490
622 634 612 691 771 774 714 651 599 479 397 453 410 422 385 300 259 314 287 242 226 218 207 200 193 197 190 181 182 203 252 229 228 226 268 321 342 300 339 357 281 314 343 303 280 192 109 101 91 87 74 59 56 70 66 56 63 171 250 247 226 234 183 160 173 205 315 430 474 445 396 500 480 438 427 417 476 495 481 443 451 528 478
590 642 632 724 770 772 724 663 603 560 507 502 522 454 379 279 261 354 387 326 300 248 236 221 210 209 201 192 183 184 200 206 230 243 293 380 302 288 358 452 332 328 439 321 219 204 134 115 98 83 73 63 58 77 82 64 60 61 115 193 241 227 197 171 179 215 338 412 447 443 351 452 447 428 379 393 415 442 410 383 390 440 444
637 757 675 727 785 831 800 741 611 627 581 536 537 376 292 294 313 313 437 435 404 313 256 251 242 228 212 209 201 189 190 193 210 240 295 321 281 326 328 439 449 320 281 244 266 323 215 144 110 93 76 66 65 93 118 151 161 93 60 64 183 242 205 185 186 221 327 375 414 424 404 374 394 387 364 400 375 410 394 351 348 388 373
-9999 765 767 707 718 823 829 771 680 659 558 512 467 373 328 362 424 345 364 478 546 386 359 333 326 298 261 237 212 193 197 195 208 231 246 241 272 309 329 398 436 455 287 364 474 290 317 245 171 113 88 76 83 80 184 231 273 285 185 67 68 229 251 213 205 212 280 323 372 396 413 373 362 370 351 330 328 352 366 319 304 302 364
-9999 -9999 -9999 785 775 769 888 796 739 649 544 502 466 364 397 475 538 433 402 429 531 493 454 432 358 380 379 316 270 212 206 201 207 222 221 239 248 324 416 468 552 485 325 307 697 347 330 376 298 235 117 92 81 72 107 233 287 334 316 150 60 146 244 257 259 228 233 257 316 345 347 350 342 337 333 319 307 306 310 301 284 274 264
